1107	7	232.5379638671875
1107	8	439.0819091796875
1107	9	509.6380920410156
1107	10	393.17559814453125
1108	1	314.4324951171875
1108	2	238.75308227539062
1108	3	299.6513671875
1108	4	375.2843017578125
1108	5	286.4884033203125
1108	6	308.1312561035156
1108	7	335.8343505859375
1108	8	394.9263000488281
1108	9	508.7615661621094
1108	10	432.266357421875
1109	1	72.35260772705078
1109	2	72.29821014404297
1109	3	75.8412857055664
1109	4	95.05982208251953
1109	5	85.18515014648438
1109	6	60.95146560668945
1109	7	128.54006958007812
1109	8	139.27932739257812
1109	9	120.08548736572266
1109	10	50.01716613769531
1110	9	39.86221694946289
1111	1	373.3717346191406
1111	2	256.4209899902344
1111	3	322.8970031738281
1111	4	498.08447265625
1111	5	365.61004638671875
1111	6	320.2539978027344
1111	7	355.1463928222656
1111	8	462.8855895996094
1111	9	587.31396484375
1111	10	562.2051391601562
1112	1	371.22845458984375
1112	2	301.6637268066406
1112	3	366.35955810546875
1112	4	538.4366455078125
1112	5	348.7474670410156
1112	6	337.7391357421875
1112	7	363.721923828125
1112	8	504.9130554199219
1112	9	608.534423828125
1112	10	454.85089111328125
1113	1	313.773681640625
1113	2	273.49298095703125
1113	3	313.00250244140625
1113	4	446.8429260253906
1113	5	326.97979736328125
1113	6	303.6798400878906
1113	7	365.2475280761719
1113	8	420.6368713378906
1113	9	590.8642578125
1113	10	432.05462646484375
1114	1	231.46897888183594
1114	2	174.76156616210938
1114	3	211.51907348632812
1114	4	281.33984375
1114	5	208.6358184814453
1114	6	203.46621704101562
1114	7	268.0646057128906
1114	8	324.00384521484375
1114	9	403.4808654785156
1114	10	394.54937744140625
1115	1	314.4324951171875
1115	2	238.75308227539062
1115	3	299.6513671875
1115	4	375.2843017578125
1115	5	286.4884033203125
1115	6	308.1312561035156
1115	7	335.8343505859375
1115	8	394.9263000488281
1115	9	508.7615661621094
1115	10	432.266357421875
1116	1	72.35260772705078
1116	2	72.29821014404297
1116	3	75.8412857055664
1116	4	95.05982208251953
1116	5	85.18515014648438
1116	6	60.95146560668945
1116	7	128.54006958007812
1116	8	139.27932739257812
1116	9	120.08548736572266
1116	10	50.01716613769531
1117	1	373.3717346191406
1117	2	256.4209899902344
1117	3	322.8970031738281
1117	4	498.08447265625
1117	5	365.61004638671875
1117	6	320.2539978027344
1117	7	355.1463928222656
1117	8	462.8855895996094
1117	9	587.31396484375
1117	10	562.2051391601562
1118	1	371.22845458984375
1118	2	301.6637268066406
1118	3	366.35955810546875
1118	4	538.4366455078125
1118	5	348.7474670410156
1118	6	337.7391357421875
1118	7	363.721923828125
1118	8	504.9130554199219
1118	9	608.534423828125
1118	10	454.85089111328125
1119	1	313.773681640625
1119	2	273.49298095703125
1119	3	313.00250244140625
1119	4	446.8429260253906
1119	5	326.97979736328125
1119	6	303.6798400878906
1119	7	365.2475280761719
1119	8	420.6368713378906
1119	9	590.8642578125
1119	10	432.05462646484375
1120	1	231.46897888183594
1120	2	174.76156616210938
1120	3	211.51907348632812
1120	4	281.33984375
1120	5	208.6358184814453
1120	6	203.46621704101562
1120	7	268.0646057128906
1120	8	324.00384521484375
1120	9	403.4808654785156
1120	10	394.54937744140625
1121	1	314.4324951171875
1121	2	238.75308227539062
1121	3	299.6513671875
1121	4	375.2843017578125
1121	5	286.4884033203125
1121	6	308.1312561035156
1121	7	335.8343505859375
1121	8	394.9263000488281
1121	9	508.7615661621094
1121	10	432.266357421875
1122	1	72.35260772705078
1122	2	72.29821014404297
1122	3	75.8412857055664
1122	4	95.05982208251953
1122	5	85.18515014648438
1122	6	60.95146560668945
1122	7	128.54006958007812
1122	8	139.27932739257812
1122	9	120.08548736572266
1122	10	50.01716613769531
1123	1	373.3717346191406
1123	2	256.4209899902344
1123	3	322.8970031738281
1123	4	498.08447265625
1123	5	365.61004638671875
1123	6	320.2539978027344
1123	7	355.1463928222656
1123	8	462.8855895996094
1123	9	587.31396484375
1123	10	562.2051391601562
1124	1	371.22845458984375
1124	2	301.6637268066406
1124	3	366.35955810546875
1124	4	538.4366455078125
1124	5	348.7474670410156
1124	6	337.7391357421875
1124	7	363.721923828125
1124	8	504.9130554199219
1124	9	608.534423828125
1124	10	454.85089111328125
1125	1	313.773681640625
1125	2	273.49298095703125
1125	3	313.00250244140625
1125	4	446.8429260253906
1125	5	326.97979736328125
1125	6	303.6798400878906
1125	7	365.2475280761719
1125	8	420.6368713378906
1125	9	590.8642578125
1125	10	432.05462646484375
1126	1	231.46897888183594
1126	2	174.76156616210938
1126	3	211.51907348632812
1126	4	281.33984375
1126	5	208.6358184814453
1126	6	203.46621704101562
1126	7	268.0646057128906
1126	8	324.00384521484375
1126	9	403.4808654785156
1126	10	394.54937744140625
1127	1	314.4324951171875
1127	2	238.75308227539062
1127	3	299.6513671875
1127	4	375.2843017578125
1127	5	286.4884033203125
1127	6	308.1312561035156
1127	7	335.8343505859375
1127	8	394.9263000488281
1127	9	508.7615661621094
1127	10	432.266357421875
1128	1	72.35260772705078
1128	2	72.29821014404297
1128	3	75.8412857055664
1128	4	95.05982208251953
1128	5	85.18515014648438
1128	6	60.95146560668945
1128	7	128.54006958007812
1128	8	139.27932739257812
1128	9	120.08548736572266
1129	1	373.3717346191406
1129	2	256.4209899902344
1129	3	322.8970031738281
1129	4	498.08447265625
1129	5	365.61004638671875
1129	6	320.2539978027344
1129	7	355.1463928222656
1129	8	462.8855895996094
1129	9	587.31396484375
1129	10	562.2051391601562
1130	1	371.22845458984375
1130	2	301.6637268066406
1130	3	366.35955810546875
1130	4	538.4366455078125
1130	5	348.7474670410156
1130	6	337.7391357421875
1130	7	363.721923828125
1130	8	504.9130554199219
1130	9	608.534423828125
1130	10	454.85089111328125
1131	1	334.1822814941406
1131	2	274.43994140625
1131	3	337.3861999511719
1131	4	390.78076171875
1131	5	329.94189453125
1131	6	306.48040771484375
1131	7	381.616455078125
1131	8	405.7486877441406
1131	9	468.71405029296875
1131	10	325.6465759277344
1132	1	228.08985900878906
1132	2	179.74061584472656
1132	3	208.3911895751953
1132	4	274.3289794921875
1132	5	192.86155700683594
1132	6	200.7333984375
1132	7	256.32257080078125
1132	8	310.7338562011719
1132	9	343.59796142578125
1132	10	253.30368041992188
1133	1	308.18658447265625
1133	2	257.3721618652344
1133	3	312.1633605957031
1133	4	307.2711181640625
1133	5	285.55950927734375
1133	6	300.7315979003906
1133	7	340.4801940917969
1133	8	371.1650390625
1133	9	406.1041564941406
1133	10	299.6006164550781
1134	1	74.20281219482422
1134	2	82.89734649658203
1134	3	82.1524658203125
1134	4	83.5977783203125
1134	5	86.46411895751953
1134	6	61.0413932800293
1134	7	124.18639373779297
1134	8	139.99282836914062
1134	9	119.82081604003906
1134	10	53.26295471191406
1135	1	394.2523498535156
1135	2	274.215576171875
1135	3	355.6291198730469
1135	4	445.28375244140625
1135	5	364.3384094238281
1135	6	313.0013122558594
1135	7	325.4972229003906
1135	8	449.6950378417969
1135	9	495.15264892578125
1135	10	427.619873046875
1136	1	363.30084228515625
1136	2	297.01666259765625
1136	3	405.099365234375
1136	4	483.7408752441406
1136	5	332.902099609375
1136	6	351.59283447265625
1136	7	375.22564697265625
1136	8	481.794677734375
1136	9	496.1978454589844
1136	10	344.7301025390625
1137	1	334.1822814941406
1137	2	274.43994140625
1137	3	337.3861999511719
1137	4	390.78076171875
1137	5	329.94189453125
1137	6	306.48040771484375
1137	7	381.616455078125
1137	8	405.7486877441406
1137	9	468.71405029296875
1137	10	325.6465759277344
1138	3	41.844608306884766
1138	4	23.515384674072266
1138	9	31.965513229370117
1139	9	30.704753875732422
1140	1	250.78196716308594
1140	2	256.93255615234375
1140	3	253.24154663085938
1140	4	277.6356506347656
1140	5	224.7135772705078
1140	6	277.97174072265625
1140	7	270.1115417480469
1140	8	390.6854248046875
1140	9	362.5408935546875
1140	10	344.5770568847656
1141	1	394.2523498535156
1141	2	274.215576171875
1141	3	355.6291198730469
1141	4	445.28375244140625
1141	5	364.3384094238281
1141	6	313.0013122558594
1141	7	325.4972229003906
1141	8	449.6950378417969
1141	9	495.15264892578125
1141	10	427.619873046875
1142	1	363.30084228515625
1142	2	297.01666259765625
1142	3	405.099365234375
1142	4	483.7408752441406
1142	5	332.902099609375
1142	6	351.59283447265625
1142	7	375.22564697265625
1142	8	481.794677734375
1142	9	496.1978454589844
1142	10	344.7301025390625
1143	1	334.1822814941406
1143	2	274.43994140625
1143	3	337.3861999511719
1143	4	390.78076171875
1143	5	329.94189453125
1143	6	306.48040771484375
1143	7	381.616455078125
1143	8	405.7486877441406
1143	9	468.71405029296875
1143	10	325.6465759277344
1144	1	228.08985900878906
1144	2	179.74061584472656
1144	3	208.3911895751953
1144	4	274.3289794921875
1144	5	192.86155700683594
1144	6	200.7333984375
1144	7	256.32257080078125
1144	8	310.7338562011719
1144	9	343.59796142578125
1144	10	253.30368041992188
1145	1	308.18658447265625
1145	2	257.3721618652344
1145	3	312.1633605957031
1145	4	307.2711181640625
1145	5	285.55950927734375
1145	6	300.7315979003906
1145	7	340.4801940917969
1145	8	371.1650390625
1145	9	406.1041564941406
1145	10	299.6006164550781
1146	1	74.20281219482422
1146	2	82.89734649658203
1146	3	82.1524658203125
1146	4	83.5977783203125
1146	5	86.46411895751953
1146	6	61.0413932800293
1146	7	124.18639373779297
1146	8	139.99282836914062
1146	9	119.82081604003906
1147	9	31.320377349853516
1148	1	394.2523498535156
1148	2	274.215576171875
1148	3	355.6291198730469
1148	4	445.28375244140625
1148	5	364.3384094238281
1148	6	313.0013122558594
1148	7	325.4972229003906
1148	8	449.6950378417969
1148	9	495.15264892578125
1148	10	427.619873046875
1149	1	363.30084228515625
1149	2	297.01666259765625
1149	3	405.099365234375
1149	4	483.7408752441406
1149	5	332.902099609375
1149	6	351.59283447265625
1149	7	375.22564697265625
1149	8	481.794677734375
1149	9	496.1978454589844
1149	10	344.7301025390625
1150	1	334.1822814941406
1150	2	274.43994140625
1150	3	337.3861999511719
1150	4	390.78076171875
1150	5	329.94189453125
1150	6	306.48040771484375
1150	7	381.616455078125
1150	8	405.7486877441406
1150	9	468.71405029296875
1150	10	325.6465759277344
1151	1	228.08985900878906
1151	2	179.74061584472656
1151	3	208.3911895751953
1151	4	274.3289794921875
1151	5	192.86155700683594
1151	6	200.7333984375
1151	7	256.32257080078125
1151	8	310.7338562011719
1151	9	343.59796142578125
1151	10	253.30368041992188
1152	1	308.18658447265625
1152	2	257.3721618652344
1152	3	312.1633605957031
1152	4	307.2711181640625
1152	5	285.55950927734375
1152	6	300.7315979003906
1152	7	340.4801940917969
1152	8	371.1650390625
1152	9	406.1041564941406
1152	10	299.6006164550781
1153	1	74.20281219482422
1153	2	82.89734649658203
1153	3	82.1524658203125
1153	4	83.5977783203125
1153	5	86.46411895751953
1153	6	61.0413932800293
1153	7	124.18639373779297
1153	8	139.99282836914062
1153	9	119.82081604003906
1153	10	53.26295471191406
1154	3	24.612089157104492
1154	7	55.91203308105469
1154	9	31.320377349853516
1155	1	394.2523498535156
1155	2	274.215576171875
1155	3	355.6291198730469
1155	4	445.28375244140625
1155	5	364.3384094238281
1155	6	313.0013122558594
1155	7	325.4972229003906
1155	8	449.6950378417969
1155	9	495.15264892578125
1155	10	427.619873046875
1156	1	363.30084228515625
1156	2	297.01666259765625
1156	3	405.099365234375
1156	4	483.7408752441406
1156	5	332.902099609375
1156	6	351.59283447265625
1156	7	375.22564697265625
1156	8	481.794677734375
1156	9	496.1978454589844
1156	10	344.7301025390625
1157	1	334.1822814941406
1157	2	274.43994140625
1157	3	337.3861999511719
1157	4	390.78076171875
1157	5	329.94189453125
1157	6	306.48040771484375
1157	7	381.616455078125
1157	8	405.7486877441406
1157	9	468.71405029296875
1157	10	325.6465759277344
1158	1	228.08985900878906
1158	2	179.74061584472656
1158	3	208.3911895751953
1158	4	274.3289794921875
1158	5	192.86155700683594
1158	6	200.7333984375
1158	7	256.32257080078125
1158	8	310.7338562011719
1158	9	343.59796142578125
1158	10	253.30368041992188
1159	1	308.86029052734375
1159	2	214.96961975097656
1159	3	312.86846923828125
1159	4	290.7752380371094
1159	5	293.8854675292969
1159	6	273.5635986328125
1159	7	300.43115234375
1159	8	363.232421875
1159	9	644.41259765625
1159	10	339.2789001464844
1160	1	81.04808807373047
1160	2	45.50715255737305
1160	3	85.22651672363281
1160	4	93.6864242553711
1160	5	85.00373840332031
1160	6	54.04203414916992
1160	7	101.03782653808594
1160	8	149.16062927246094
1160	9	126.73646545410156
1160	10	70.36518096923828
1161	9	36.424949645996094
1162	1	373.67608642578125
1162	2	243.2549285888672
1162	3	361.3385009765625
1162	4	360.838623046875
1162	5	359.7975158691406
1162	6	311.54998779296875
1162	7	294.6695251464844
1162	8	457.7403259277344
1162	9	741.3801879882812
1162	10	474.5616760253906
1163	1	370.37066650390625
1163	2	277.4838562011719
1163	3	405.82421875
1163	4	427.3128967285156
1163	5	336.9422912597656
1163	6	339.1802673339844
1163	7	378.905029296875
1163	8	574.4519653320312
1163	9	775.5496826171875
1163	10	401.4068908691406
1164	1	350.7252502441406
1164	2	248.56414794921875
1164	3	342.6918640136719
1164	4	368.5497131347656
1164	5	318.1500549316406
1164	6	295.14227294921875
1164	7	330.1533508300781
1164	8	405.9144592285156
1164	9	798.294677734375
1164	10	432.5785827636719
1165	1	228.90699768066406
1165	2	158.43922424316406
1165	3	205.952392578125
1165	4	253.13172912597656
1165	5	190.8266143798828
1165	6	193.380126953125
1165	7	225.17208862304688
1165	8	316.7170715332031
1165	9	531.5497436523438
1165	10	236.34361267089844
1166	1	308.86029052734375
1166	2	214.96961975097656
1166	3	312.86846923828125
1166	4	290.7752380371094
1166	5	293.8854675292969
1166	6	273.5635986328125
1166	7	300.43115234375
1166	8	363.232421875
1166	9	644.41259765625
1166	10	339.2789001464844
1167	1	81.04808807373047
1167	3	85.22651672363281
1167	4	93.6864242553711
1167	5	85.00373840332031
1167	6	54.04203414916992
1167	7	101.03782653808594
1167	8	149.16062927246094
1167	9	126.73646545410156
1167	10	70.36518096923828
1168	1	373.67608642578125
1168	2	243.2549285888672
1168	3	361.3385009765625
1168	4	360.838623046875
1168	5	359.7975158691406
1168	6	311.54998779296875
1168	7	294.6695251464844
1168	8	457.7403259277344
1168	9	741.3801879882812
1168	10	474.5616760253906
1169	1	370.37066650390625
1169	2	277.4838562011719
1169	3	405.82421875
1169	4	427.3128967285156
1169	5	336.9422912597656
1169	6	339.1802673339844
1169	7	378.905029296875
1169	8	574.4519653320312
1169	9	775.5496826171875
1169	10	401.4068908691406
1170	1	350.7252502441406
1170	2	248.56414794921875
1170	3	342.6918640136719
1170	4	368.5497131347656
1170	5	318.1500549316406
1170	6	295.14227294921875
1170	7	330.1533508300781
1170	8	405.9144592285156
1170	9	798.294677734375
1170	10	432.5785827636719
1171	1	228.90699768066406
1171	2	158.43922424316406
1171	3	205.952392578125
1171	4	253.13172912597656
1171	5	190.8266143798828
1171	6	193.380126953125
1171	7	225.17208862304688
1171	8	316.7170715332031
1171	9	531.5497436523438
1171	10	236.34361267089844
1172	1	308.86029052734375
1172	2	214.96961975097656
1172	3	312.86846923828125
1172	4	290.7752380371094
1172	5	293.8854675292969
1172	6	273.5635986328125
1172	7	300.43115234375
1172	8	363.232421875
1172	9	644.41259765625
1172	10	339.2789001464844
1173	1	81.04808807373047
1173	2	45.50715255737305
1173	3	85.22651672363281
1173	4	93.6864242553711
1173	5	85.00373840332031
1173	6	54.04203414916992
1173	7	101.03782653808594
1173	8	149.16062927246094
1173	9	126.73646545410156
1174	1	373.67608642578125
1174	2	243.2549285888672
1174	3	361.3385009765625
1174	4	360.838623046875
1174	5	359.7975158691406
1174	6	311.54998779296875
1174	7	294.6695251464844
1174	8	457.7403259277344
1174	9	741.3801879882812
1174	10	474.5616760253906
1175	1	370.37066650390625
1175	2	277.4838562011719
1175	3	405.82421875
1175	4	427.3128967285156
1175	5	336.9422912597656
1175	6	339.1802673339844
1175	7	378.905029296875
1175	8	574.4519653320312
1175	9	775.5496826171875
1175	10	401.4068908691406
1176	1	350.7252502441406
1176	2	248.56414794921875
1176	3	342.6918640136719
1176	4	368.5497131347656
1176	5	318.1500549316406
1176	6	295.14227294921875
1176	7	330.1533508300781
1176	8	405.9144592285156
1176	9	798.294677734375
1176	10	432.5785827636719
1177	1	228.90699768066406
1177	2	158.43922424316406
1177	3	205.952392578125
1177	4	253.13172912597656
1177	5	190.8266143798828
1177	6	193.380126953125
1177	7	225.17208862304688
1177	8	316.7170715332031
1177	9	531.5497436523438
1177	10	236.34361267089844
1178	1	308.86029052734375
1178	2	214.96961975097656
1178	3	312.86846923828125
1178	4	290.7752380371094
1178	5	293.8854675292969
1178	6	273.5635986328125
1178	7	300.43115234375
1178	8	363.232421875
1178	9	644.41259765625
1178	10	339.2789001464844
1179	1	81.04808807373047
1179	3	85.22651672363281
1179	4	93.6864242553711
1179	5	85.00373840332031
1179	6	54.04203414916992
1179	7	101.03782653808594
1179	8	149.16062927246094
1179	9	126.73646545410156
1179	10	70.36518096923828
1180	1	373.67608642578125
1180	2	243.2549285888672
1180	3	361.3385009765625
1180	4	360.838623046875
1180	5	359.7975158691406
1180	6	311.54998779296875
1180	7	294.6695251464844
1180	8	457.7403259277344
1180	9	741.3801879882812
1180	10	474.5616760253906
1181	1	370.37066650390625
1181	2	277.4838562011719
1181	3	405.82421875
1181	4	427.3128967285156
1181	5	336.9422912597656
1181	6	339.1802673339844
1181	7	378.905029296875
1181	8	574.4519653320312
1181	9	775.5496826171875
1181	10	401.4068908691406
1182	1	350.7252502441406
1182	2	248.56414794921875
1182	3	342.6918640136719
1182	4	368.5497131347656
1182	5	318.1500549316406
1182	6	295.14227294921875
1182	7	330.1533508300781
1182	8	405.9144592285156
1182	9	798.294677734375
1182	10	432.5785827636719
1183	1	228.90699768066406
1183	2	158.43922424316406
1183	3	205.952392578125
1183	4	253.13172912597656
1183	5	190.8266143798828
1183	6	193.380126953125
1183	7	225.17208862304688
1183	8	316.7170715332031
1183	9	531.5497436523438
1183	10	236.34361267089844
1184	1	308.86029052734375
1184	2	214.96961975097656
1184	3	312.86846923828125
1184	4	290.7752380371094
1184	5	293.8854675292969
1184	6	273.5635986328125
1184	7	300.43115234375
1184	8	363.232421875
1184	9	644.41259765625
1184	10	339.2789001464844
1185	2	45.50715255737305
1185	3	85.22651672363281
1185	4	93.6864242553711
1185	5	85.00373840332031
1185	6	54.04203414916992
1185	7	101.03782653808594
1185	8	149.16062927246094
1185	9	126.73646545410156
1185	10	70.36518096923828
1186	1	319.7165832519531
1186	2	256.561279296875
1186	3	351.81683349609375
1186	4	413.3226318359375
1186	5	407.6896057128906
1186	6	304.3282775878906
1186	7	300.2159423828125
1186	8	411.595703125
1186	9	553.2509765625
1186	10	480.2086486816406
1187	1	297.369140625
1187	2	220.51356506347656
1187	3	368.1466064453125
1187	4	371.8138427734375
1187	5	366.0130615234375
1187	6	322.6867370605469
1187	7	353.5324401855469
1187	8	462.4444580078125
1187	9	530.6838989257812
1187	10	348.5394592285156
1188	1	277.5609130859375
1188	2	234.8665313720703
1188	3	310.3258972167969
1188	4	311.0644836425781
1188	5	332.5540771484375
1188	6	276.6613464355469
1188	7	330.2274475097656
1188	8	385.3988342285156
1188	9	522.662109375
1188	10	377.4112548828125
1189	1	195.24395751953125
1189	2	148.69996643066406
1189	3	208.87619018554688
1189	4	244.2621307373047
1189	5	247.75360107421875
1189	6	193.21229553222656
1189	7	236.4752960205078
1189	8	291.3937683105469
1189	9	353.322021484375
1189	10	262.7442932128906
1190	1	301.2294006347656
1190	2	214.64080810546875
1190	3	302.83575439453125
1190	4	280.045166015625
1190	5	304.8858642578125
1190	6	289.952392578125
1190	7	320.975830078125
1190	8	379.4493103027344
1190	9	498.1605224609375
1190	10	370.8873596191406
1191	1	48.93041229248047
1191	3	77.38500213623047
1191	4	83.01273345947266
1191	5	101.10846710205078
1191	6	46.83491897583008
1191	7	110.2430191040039
1191	8	124.5801773071289
1191	9	122.29368591308594
1191	10	57.563846588134766
1192	1	319.7165832519531
1192	2	256.561279296875
1192	3	351.81683349609375
1192	4	413.3226318359375
1192	5	407.6896057128906
1192	6	304.3282775878906
1192	7	300.2159423828125
1192	8	411.595703125
1192	9	553.2509765625
1192	10	480.2086486816406
1193	1	297.369140625
1193	2	220.51356506347656
1193	3	368.1466064453125
1193	4	371.8138427734375
1193	5	366.0130615234375
1193	6	322.6867370605469
1193	7	353.5324401855469
1193	8	462.4444580078125
1193	9	530.6838989257812
1193	10	348.5394592285156
1194	1	277.5609130859375
1194	2	234.8665313720703
1194	3	310.3258972167969
1194	4	311.0644836425781
1194	5	332.5540771484375
1194	6	276.6613464355469
1194	7	330.2274475097656
1194	8	385.3988342285156
1194	9	522.662109375
1194	10	377.4112548828125
1195	1	195.24395751953125
1195	2	148.69996643066406
1195	3	208.87619018554688
1195	4	244.2621307373047
1195	5	247.75360107421875
1195	6	193.21229553222656
1195	7	236.4752960205078
1195	8	291.3937683105469
1195	9	353.322021484375
1195	10	262.7442932128906
1196	1	301.2294006347656
1196	2	214.64080810546875
1196	3	302.83575439453125
1196	4	280.045166015625
1196	5	304.8858642578125
1196	6	289.952392578125
1196	7	320.975830078125
1196	8	379.4493103027344
1196	9	498.1605224609375
1196	10	370.8873596191406
1197	1	48.93041229248047
1197	2	50.958824157714844
1197	3	77.38500213623047
1197	4	83.01273345947266
1197	5	101.10846710205078
1197	6	46.83491897583008
1197	7	110.2430191040039
1197	8	124.5801773071289
1197	9	122.29368591308594
1197	10	57.563846588134766
1198	1	319.7165832519531
1198	2	256.561279296875
1198	3	351.81683349609375
1198	4	413.3226318359375
1198	5	407.6896057128906
1198	6	304.3282775878906
1198	7	300.2159423828125
1198	8	411.595703125
1198	9	553.2509765625
1198	10	480.2086486816406
1199	1	297.369140625
1199	2	220.51356506347656
1199	3	368.1466064453125
1199	4	371.8138427734375
1199	5	366.0130615234375
1199	6	322.6867370605469
1199	7	353.5324401855469
1199	8	462.4444580078125
1199	9	530.6838989257812
1199	10	348.5394592285156
1200	1	277.5609130859375
1200	2	234.8665313720703
1200	3	310.3258972167969
1200	4	311.0644836425781
1200	5	332.5540771484375
1200	6	276.6613464355469
1200	7	330.2274475097656
1200	8	385.3988342285156
1200	9	522.662109375
1200	10	377.4112548828125
1201	1	195.24395751953125
1201	2	148.69996643066406
1201	3	208.87619018554688
1201	4	244.2621307373047
1201	5	247.75360107421875
1201	6	193.21229553222656
1201	7	236.4752960205078
1201	8	291.3937683105469
1201	9	353.322021484375
1201	10	262.7442932128906
1202	1	301.2294006347656
1202	2	214.64080810546875
1202	3	302.83575439453125
1202	4	280.045166015625
1202	5	304.8858642578125
1202	6	289.952392578125
1202	7	320.975830078125
1202	8	379.4493103027344
1202	9	498.1605224609375
1202	10	370.8873596191406
1203	1	48.93041229248047
1203	3	77.38500213623047
1203	4	83.01273345947266
1203	5	101.10846710205078
1203	6	46.83491897583008
1203	8	124.5801773071289
1203	9	122.29368591308594
1203	10	57.563846588134766
1204	10	10.701044082641602
1205	1	319.7165832519531
1205	2	256.561279296875
1205	3	351.81683349609375
1205	4	413.3226318359375
1205	5	407.6896057128906
1205	6	304.3282775878906
1205	7	300.2159423828125
1205	8	411.595703125
1205	9	553.2509765625
1205	10	480.2086486816406
1206	1	297.369140625
1206	2	220.51356506347656
1206	3	368.1466064453125
1206	4	371.8138427734375
1206	5	366.0130615234375
1206	6	322.6867370605469
1206	7	353.5324401855469
1206	8	462.4444580078125
1206	9	530.6838989257812
1206	10	348.5394592285156
1207	1	277.5609130859375
1207	2	234.8665313720703
1207	3	310.3258972167969
1207	4	311.0644836425781
1207	5	332.5540771484375
1207	6	276.6613464355469
1207	7	330.2274475097656
1207	8	385.3988342285156
1207	9	522.662109375
1207	10	377.4112548828125
1208	1	195.24395751953125
1208	2	148.69996643066406
1208	3	208.87619018554688
1208	4	244.2621307373047
1208	5	247.75360107421875
1208	6	193.21229553222656
1208	7	236.4752960205078
1208	8	291.3937683105469
1208	9	353.322021484375
1208	10	262.7442932128906
1209	1	301.2294006347656
1209	2	214.64080810546875
1209	3	302.83575439453125
1209	4	280.045166015625
1209	5	304.8858642578125
1209	6	289.952392578125
1209	7	320.975830078125
1209	8	379.4493103027344
1209	9	498.1605224609375
1209	10	370.8873596191406
1210	1	48.93041229248047
1210	2	50.958824157714844
1210	3	77.38500213623047
1210	4	83.01273345947266
1210	5	101.10846710205078
1210	6	46.83491897583008
1210	7	110.2430191040039
1210	8	124.5801773071289
1210	9	122.29368591308594
1210	10	57.563846588134766
1211	6	11.998791694641113
1212	1	319.7165832519531
1212	2	256.561279296875
1212	3	351.81683349609375
1212	4	413.3226318359375
1212	5	407.6896057128906
1212	6	304.3282775878906
1212	7	300.2159423828125
1212	8	411.595703125
1212	9	553.2509765625
1212	10	480.2086486816406
1213	1	297.369140625
1213	2	220.51356506347656
1213	3	368.1466064453125
1213	4	371.8138427734375
1213	5	366.0130615234375
1213	6	322.6867370605469
1213	7	353.5324401855469
1213	8	462.4444580078125
1213	9	530.6838989257812
1213	10	348.5394592285156
1214	1	277.5609130859375
1214	2	234.8665313720703
1214	3	310.3258972167969
1214	4	311.0644836425781
1214	5	332.5540771484375
1214	6	276.6613464355469
1214	7	330.2274475097656
1214	8	385.3988342285156
1214	9	522.662109375
1214	10	377.4112548828125
1215	1	202.30067443847656
1215	3	231.53053283691406
1215	4	265.6231994628906
1215	5	151.11460876464844
1215	6	175.44378662109375
1215	7	291.2879943847656
1215	8	223.7655487060547
1215	9	553.275146484375
1215	10	306.5433349609375
1216	1	270.0259704589844
1216	2	224.67059326171875
1216	3	292.1375427246094
1216	4	365.19000244140625
1216	5	266.0196533203125
1216	6	300.83551025390625
1216	7	353.78326416015625
1216	8	361.4603576660156
1216	9	718.9086303710938
1216	10	347.7136535644531
1217	1	71.97872161865234
1217	2	42.538475036621094
1217	3	139.5631561279297
1217	4	116.7354965209961
1217	5	83.43658447265625
1217	6	36.82292556762695
1217	7	137.92098999023438
1217	8	100.28218078613281
1217	9	147.93385314941406
1217	10	38.98612976074219
1218	7	100.26526641845703
1219	1	304.0462341308594
1219	2	238.15185546875
1219	3	350.4721984863281
1219	4	422.91888427734375
1219	5	278.3170471191406
1219	6	270.9180908203125
1219	7	379.84820556640625
1219	8	339.8601989746094
1219	9	733.0274047851562
1219	10	425.9877624511719
1220	1	338.8457336425781
1220	2	272.4338073730469
1220	3	392.65716552734375
1220	4	497.0295715332031
1220	5	344.6100158691406
1220	6	356.4870910644531
1220	7	436.749755859375
1220	8	464.9137268066406
1220	9	984.0503540039062
1220	10	461.18927001953125
1221	1	278.6692199707031
1221	2	252.4311981201172
1221	3	349.6383972167969
1221	4	417.9939270019531
1221	5	275.1275329589844
1221	6	299.1639709472656
1221	7	414.9991455078125
1221	8	367.5077209472656
1221	9	884.8394775390625
1221	10	368.4613342285156
1222	1	202.30067443847656
1222	2	148.22024536132812
1222	3	231.53053283691406
1222	4	265.6231994628906
1222	5	151.11460876464844
1222	6	175.44378662109375
1222	7	291.2879943847656
1222	8	223.7655487060547
1222	9	553.275146484375
1222	10	306.5433349609375
1223	1	270.0259704589844
1223	2	224.67059326171875
1223	3	292.1375427246094
1223	4	365.19000244140625
1223	5	266.0196533203125
1223	6	300.83551025390625
1223	7	353.78326416015625
1223	8	361.4603576660156
1223	9	718.9086303710938
1223	10	347.7136535644531
1224	1	71.97872161865234
1224	2	42.538475036621094
1224	3	139.5631561279297
1224	4	116.7354965209961
1224	5	83.43658447265625
1224	6	36.82292556762695
1224	7	137.92098999023438
1224	8	100.28218078613281
1224	9	147.93385314941406
1224	10	38.98612976074219
1225	1	304.0462341308594
1225	2	238.15185546875
1225	3	350.4721984863281
1225	4	422.91888427734375
1225	5	278.3170471191406
1225	6	270.9180908203125
1225	7	379.84820556640625
1225	8	339.8601989746094
1225	9	733.0274047851562
1225	10	425.9877624511719
1226	1	338.8457336425781
1226	2	272.4338073730469
1226	3	392.65716552734375
1226	4	497.0295715332031
1226	5	344.6100158691406
1226	6	356.4870910644531
1226	7	436.749755859375
1226	8	464.9137268066406
1226	9	984.0503540039062
1226	10	461.18927001953125
1227	1	278.6692199707031
1227	2	252.4311981201172
1227	3	349.6383972167969
1227	4	417.9939270019531
1227	5	275.1275329589844
1227	6	299.1639709472656
1227	7	414.9991455078125
1227	8	367.5077209472656
1227	9	884.8394775390625
1227	10	368.4613342285156
1228	5	18.684602737426758
1228	9	17.420679092407227
1228	10	0.0
1229	6	0.0
1229	10	0.0
1230	1	320.91748046875
1230	2	338.9915466308594
1230	3	422.9937744140625
1230	4	515.5735473632812
1230	5	369.29022216796875
1230	6	363.5453186035156
1230	7	422.1896057128906
1230	8	409.4342041015625
1230	9	907.2726440429688
1230	10	656.7515869140625
1231	1	304.0462341308594
1231	2	238.15185546875
1231	3	350.4721984863281
1231	4	422.91888427734375
1231	5	278.3170471191406
1231	6	270.9180908203125
1231	7	379.84820556640625
1231	8	339.8601989746094
1231	9	733.0274047851562
1231	10	425.9877624511719
1232	1	338.8457336425781
1232	2	272.4338073730469
1232	3	392.65716552734375
1232	4	497.0295715332031
1232	5	344.6100158691406
1232	6	356.4870910644531
1232	7	436.749755859375
1232	8	464.9137268066406
1232	9	984.0503540039062
1232	10	461.18927001953125
1233	1	278.6692199707031
1233	2	252.4311981201172
1233	3	349.6383972167969
1233	4	417.9939270019531
1233	5	275.1275329589844
1233	6	299.1639709472656
1233	7	414.9991455078125
1233	8	367.5077209472656
1233	9	884.8394775390625
1233	10	368.4613342285156
1234	1	202.30067443847656
1234	2	148.22024536132812
1234	3	231.53053283691406
1234	4	265.6231994628906
1234	5	151.11460876464844
1234	6	175.44378662109375
1234	7	291.2879943847656
1234	8	223.7655487060547
1234	9	553.275146484375
1234	10	306.5433349609375
1235	1	270.0259704589844
1235	2	224.67059326171875
1235	4	365.19000244140625
1235	5	266.0196533203125
1235	6	300.83551025390625
1235	7	353.78326416015625
1235	8	361.4603576660156
1235	9	718.9086303710938
1235	10	347.7136535644531
1236	1	71.97872161865234
1236	2	42.538475036621094
1236	4	116.7354965209961
1236	5	83.43658447265625
1236	6	36.82292556762695
1236	9	147.93385314941406
1237	1	340.72943115234375
1237	2	339.0972595214844
1237	3	445.0704650878906
1237	4	476.3404235839844
1237	5	382.3863220214844
1237	6	304.9790954589844
1237	7	350.06292724609375
1237	8	481.3982849121094
1237	9	960.5185546875
1237	10	506.2623291015625
1238	2	323.1731262207031
1238	3	549.5995483398438
1238	4	532.5081176757812
1238	5	459.0341491699219
1238	6	397.968505859375
1238	7	403.4652404785156
1238	9	1550.349853515625
1238	10	927.2481079101562
1239	1	370.1326904296875
1239	2	494.2572937011719
1239	3	539.0088500976562
1239	4	522.5320434570312
1239	6	430.443603515625
1239	7	506.9513854980469
1239	8	531.0506591796875
1239	9	1353.4715576171875
1239	10	845.0235595703125
1240	1	352.0331726074219
1240	2	282.04547119140625
1240	3	465.95379638671875
1240	4	296.8319396972656
1240	6	313.9205627441406
1240	7	432.9906921386719
1240	8	436.2195739746094
1240	9	1160.9637451171875
1240	10	987.1048583984375
1241	1	432.07464599609375
1241	2	504.525146484375
1241	3	479.72467041015625
1241	4	430.0696105957031
1241	6	413.1734313964844
1241	9	1118.8485107421875
1242	1	59.022945404052734
1242	5	117.39311981201172
1242	6	74.58767700195312
1242	9	185.74267578125
1243	6	8.944859504699707
1243	8	43.32441711425781
1243	9	77.73897552490234
1243	10	16.872657775878906
1244	2	21.555482864379883
1244	3	19.417640686035156
1244	4	13.502416610717773
1244	6	26.51961326599121
1244	8	12.297661781311035
1244	10	17.72298812866211
1245	2	17.091798782348633
1245	4	0.0
1245	6	8.063492774963379
1245	8	38.79966735839844
1245	9	52.63740158081055
1245	10	5.545995235443115
1246	1	460.8760681152344
1246	2	209.30477905273438
1246	3	413.68084716796875
1246	4	653.6119995117188
1246	5	602.2953491210938
1246	6	342.9256286621094
1246	7	202.61761474609375
1246	8	874.7952270507812
1246	9	1216.3936767578125
1246	10	1109.50390625
1247	1	406.181396484375
1247	2	448.7854309082031
1247	3	532.9315185546875
1247	4	512.125732421875
1247	5	488.53369140625
1247	6	419.9756164550781
1247	7	518.222412109375
1247	8	648.3236083984375
1247	9	1136.6910400390625
1247	10	737.5390014648438
1248	1	514.682861328125
1248	2	410.8902587890625
1248	3	533.8704223632812
1248	4	527.504638671875
1248	5	450.04669189453125
1248	6	390.2327880859375
1248	7	533.2095336914062
1248	8	783.0579833984375
1248	9	1307.4676513671875
1248	10	611.7779541015625
1249	1	314.8415832519531
1249	2	376.66351318359375
1249	3	456.37030029296875
1249	4	612.8915405273438
1249	5	441.6650085449219
1249	6	426.556884765625
1249	7	536.45703125
1249	8	739.7942504882812
1249	9	1757.8465576171875
1249	10	423.20001220703125
