1032	1306.0
1033	2167.7385692136913
1034	547.8901942235124
1035	2559.194462649003
1036	2656.2623296277225
1037	2277.0704562458077
1038	1863.014940250776
1039	2114.055037380912
1040	494.20666239073296
1041	2505.5109308162237
1042	2602.578797794943
1043	2223.3869244130283
1044	1809.3314084179965
1045	2060.3715055481325
1046	440.52313055795355
1047	2451.8273989834443
1048	2548.8952659621636
1049	2169.703392580249
1050	1755.647876585217
1051	2006.687973715353
1052	386.83959872517414
1053	2822.363890055927
1054	2443.1720166740124
1055	2029.1165006789806
1056	2280.1565978091166
1057	660.3082228189377
1058	2671.6124912444284
1059	2768.680358223148
1060	2389.488484841233
1061	1975.4329688462012
1062	2226.4730659763372
1063	606.6246909861583
1064	2617.928959411649
1065	2714.9968263903684
1066	2335.8049530084536
1067	1921.7494370134218
1068	2172.789534143558
1069	552.9411591533789
1070	2564.2454275788696
1071	2661.313294557589
1072	2282.121421175674
1073	1868.0659051806424
1074	2119.1060023107784
1075	499.25762732059945
1076	2510.56189574609
1077	2607.6297627248096
1078	2242.8208340925776
1079	1828.7653180975458
1080	2079.805415227682
1081	459.95704023750284
1082	2471.2613086629935
1083	2568.329175641713
1084	2189.137302259798
1085	-247.45902671643773
1086	406.27350840472343
1087	2042.4859140669905
1088	2417.577776830214
1089	2514.6456438089335
1090	2135.4537704270188
1091	1721.398254431987
1092	1972.438351562123
1093	352.589976571944
1094	201.02373848825493
1095	2363.8942449974347
1096	2460.962111976154
1097	2081.7702385942393
1098	1667.7147225992076
1099	1918.7548197293436
1100	298.9064447391646
1101	2310.2107131646553
1102	2407.2785801433747
1103	2028.08670676146
1104	1614.0311907664282
1105	2081.1304161574644
1106	461.28204116728546
1107	2472.586309592776
1108	2569.6541765714956
1109	2190.462303189581
1110	1776.406787194549
1111	2027.446884324685
1112	407.59850933450605
1113	2418.9027777599968
1114	2515.970644738716
1115	2136.7787713568014
1116	1722.7232553617696
1117	1973.7633524919056
1118	353.91497750172664
1119	2365.2192459272173
1120	2462.2871129059367
1121	2083.095239524022
1122	1669.0397235289902
1123	1920.0798206591262
1124	300.23144566894723
1125	2311.535714094438
1126	2408.6035810731573
1127	2029.4117076912426
1128	1615.3561916962108
1129	1866.3962888263468
1130	246.54791383616782
1131	2539.4247926514017
1132	2636.492659630121
1133	2257.3007862482064
1134	1843.2452702531746
1135	2094.2853673833106
1136	474.4369923931316
1137	2485.7412608186223
1138	2582.8091277973417
1139	2203.617254415427
1140	1789.5617384203952
1141	2040.6018355505312
1142	420.7534605603522
1143	2432.057728985843
1144	2529.1255959645623
1145	2149.9337225826475
1146	1735.8782065876158
1147	1986.9183037177518
1148	367.0699287275728
1149	215.50369064388371
1150	2378.3741971530635
1151	2475.442064131783
1152	2096.250190749868
1153	1682.1946747548363
1154	1933.2347718849724
1155	313.3863968947934
1156	2324.690665320284
1157	2421.7585322990035
1158	2042.5666589170887
1159	2164.14445486126
1160	2415.184551991396
1161	795.3361770012169
1162	643.7699389175278
1163	2806.6404454267076
1164	2903.708312405427
1165	2524.5164390235122
1166	2110.4609230284805
1167	2361.5010201586165
1168	741.6526451684375
1169	2752.956913593928
1170	2850.0247805726476
1171	2470.832907190733
1172	34.236578214496944
1173	687.9691133356581
1174	2324.181518997925
1175	2699.273381761149
1176	2796.341248739868
1177	2417.1493753579534
1178	2003.0938593629216
1179	2254.1339564930577
1180	634.2855815028787
1181	2645.5898499283694
1182	2742.657716907089
1183	2363.465843525174
1184	1949.4103275301422
1185	2200.4504246602783
1186	847.2639512889617
1187	433.20843529392994
1188	684.248532424066
1189	2639.9574449258
1190	2488.3912068421105
1191	2863.483069605334
1192	2960.5509365840535
1193	2581.3590632021387
1194	2167.303547207107
1195	2418.343644337243
1196	798.495269347064
1197	646.9290312633749
1198	2809.7995377725547
1199	2906.867404751274
1200	2527.6755313693593
1201	2113.6200153743275
1202	2364.6601125044635
1203	744.8117375142846
1204	593.2454994305955
1205	2756.1160059397753
1206	2853.1838729184947
1207	2473.99199953658
1208	2059.936483541548
1209	2310.976580671684
1210	691.1282056815052
1211	2702.432474106996
1212	2785.1206893548188
1213	2405.928815972904
1214	1991.8732999778722
1215	2242.913397108008
1216	623.0650221178292
1217	471.49878403414016
1218	2634.36929054332
1219	2731.4371575220393
1220	2352.2452841401246
1221	1938.1897681450928
1222	2189.229865275229
1223	569.3814902850498
1224	417.81525220136075
1225	2580.6857587105405
1226	2677.75362568926
1227	2298.561752307345
1228	1884.5062363123134
1229	2135.5463334424494
1230	515.6979584522704
1231	2527.002226877761
1232	2624.0700938564805
1233	2244.8782204745658
1234	1830.822704479534
1235	2081.86280160967
1236	462.014426619491
1237	310.44818853580193
1238	2473.3186950449817
1239	2570.386562023701
1240	2191.1946886417863
1241	1989.600759926102
1242	2240.640857056238
1243	620.792482066059
1244	469.22624398236997
1245	2632.0967504915498
1246	2729.164617470269
1247	2349.9727440883544
1248	1935.9172280933226
1249	2186.9573252234586
1250	567.1089502332796
1251	2578.4132186587703
1252	2675.4810856374897
1253	2296.289212255575
1254	1882.2336962605432
1255	2133.273793390679
1256	513.4254184005002
1257	2524.729686825991
1258	2621.7975538047103
1259	2242.6056804227956
1260	1828.5501644277638
1261	2079.5902615579
1262	459.7418865677208
1263	2471.0461549932115
1264	2568.114021971931
1265	2188.922148590016
1266	1774.8666325949844
1267	2025.9067297251204
1268	406.0583547349414
1269	1134.9383180294421
1270	1744.7923500279135
1271	6678.119395173362
1272	5860.89271556309
1273	5008.802393339702
1274	4821.807684241479
1275	1467.5831935155998
1276	1316.0169554319104
1277	4775.228771448434
1278	3575.9553289198097
1279	3196.763455537895
1280	2782.707939542863
1281	3033.748036672999
1282	1413.8996616828204
1283	3425.203930108311
1284	4542.644589400965
1285	4163.45271601905
1286	3749.3972000240183
1287	4000.4372971541543
1288	1360.216129850041
1289	4016.8013278262424
1290	4391.893190589466
1291	4488.961057568185
1292	4109.769184186271
1293	1496.393121714179
1294	761.1347412036215
1295	3785.1811468086175
1296	3953.111415564395
1297	1028.5388690058458
1298	4176.637040243929
1299	4273.704907222648
1300	3894.513033840734
1301	2495.2298531167985
1302	2746.2699502469345
1303	1126.4215752567557
1304	3137.7258436822462
1305	3234.7937106609656
1306	2855.601837279051
1307	2441.546321284019
