1032	1918.7480057689384
1033	2186.929702347921
1034	709.0822808427662
1035	2661.1590747049786
1036	2787.035152423763
1037	2387.999063254437
1038	1922.1770117535568
1039	2190.3587083325397
1040	712.5112868273847
1041	2664.588080689597
1042	2790.4641584083815
1043	2391.4280692390553
1044	1925.6060177381753
1045	2193.787714317158
1046	715.9402928120031
1047	2668.0170866742155
1048	2793.893164393
1049	2394.8570752236737
1050	1929.0350237227938
1051	2197.2167203017766
1052	719.3692987966216
1053	2797.3221703776185
1054	2398.286081208292
1055	1932.4640297074122
1056	2200.645726286395
1057	722.7983047812401
1058	2674.8750986434525
1059	2800.751176362237
1060	2401.7150871929107
1061	1935.8930356920307
1062	2204.0747322710135
1063	726.2273107658585
1064	2678.304104628071
1065	2804.1801823468554
1066	2405.144093177529
1067	1939.322041676649
1068	2207.503738255632
1069	729.656316750477
1070	2681.7331106126894
1071	2807.609188331474
1072	2408.5730991621476
1073	1942.7510476612674
1074	2210.9327442402505
1075	733.0853227350954
1076	2685.162116597308
1077	2811.0381943160924
1078	2412.002105146766
1079	1946.180053645886
1080	2214.361750224869
1081	736.5143287197138
1082	2688.5911225819264
1083	2814.467200300711
1084	2415.4311111313846
1085	1949.6090596305044
1086	739.9433347043323
1087	1136.0365935328236
1088	2692.020128566545
1089	2817.8962062853293
1090	2418.860117116003
1091	1953.0380656151228
1092	2221.219762194106
1093	743.3723406889508
1094	1139.4655995174421
1095	2695.4491345511633
1096	2821.3252122699478
1097	2422.2891231006215
1098	1956.4670715997413
1099	2224.648768178724
1100	746.8013466735692
1101	2698.8781405357818
1102	2824.7542182545662
1103	2425.71812908524
1104	1959.8960775843598
1105	2228.077774163343
1106	750.2303526581877
1107	2702.3071465204002
1108	2828.1832242391847
1109	2429.1471350698585
1110	1963.3250835689782
1111	2231.506780147961
1112	753.6593586428062
1113	2705.7361525050187
1114	2831.6122302238027
1115	2432.576141054477
1116	1966.7540895535967
1117	2234.93578613258
1118	757.0883646274247
1119	2709.165158489637
1120	2835.0412362084217
1121	2436.0051470390954
1122	1970.1830955382152
1123	2238.364792117198
1124	760.5173706120431
1125	2712.5941644742556
1126	2838.4702421930397
1127	2439.434153023714
1128	1973.6121015228337
1129	2241.7937981018167
1130	763.9463765966615
1131	2716.023170458874
1132	2841.8992481776586
1133	2442.8631590083323
1134	1977.0411075074521
1135	2245.2228040864347
1136	767.37538258128
1137	2719.4521764434926
1138	2845.3282541622766
1139	2446.292164992951
1140	1980.4701134920706
1141	2248.6518100710537
1142	770.8043885658984
1143	2722.881182428111
1144	2848.7572601468955
1145	2449.7211709775693
1146	1983.899119476689
1147	2252.0808160556717
1148	774.2333945505169
1149	1170.3266533790083
1150	2726.3101884127295
1151	2852.1862661315135
1152	2453.1501769621873
1153	1987.3281254613075
1154	2255.50982204029
1155	777.6624005351354
1156	2729.739194397348
1157	2855.6152721161325
1158	2456.579182946806
1159	1990.757131445926
1160	2258.9388280249086
1161	781.0914065197538
1162	1177.1846653482453
1163	2733.1682003819665
1164	2859.0442781007505
1165	2460.0081889314242
1166	1994.1861374305445
1167	2262.367834009527
1168	784.5204125043723
1169	2736.597206366585
1170	2862.473284085369
1171	2463.437194916043
1172	1997.615143415163
1173	787.9494184889908
1174	1184.0426773174822
1175	2740.0262123512034
1176	2865.9022900699874
1177	2466.866200900661
1178	2001.0441493997814
1179	2269.225845978764
1180	791.3784244736092
1181	2743.455218335822
1182	2869.331296054606
1183	2470.29520688528
1184	2004.4731553844
1185	2272.6548519633825
1186	2473.724212869898
1187	2007.9021613690184
1188	2276.083857948001
1189	798.2364364428461
1190	1194.3296952713376
1191	2750.313230305059
1192	2876.189308023843
1193	2477.153218854517
1194	2011.3311673536368
1195	2279.5128639326194
1196	801.6654424274645
1197	1197.758701255956
1198	2753.742236289677
1199	2879.6183140084613
1200	2480.582224839135
1201	2014.7601733382553
1202	2282.941869917238
1203	805.094448412083
1204	1201.1877072405746
1205	2757.1712422742958
1206	2883.04731999308
1207	2484.011230823754
1208	2018.1891793228738
1209	2286.3708759018564
1210	808.5234543967015
1211	2760.600248258914
1212	2886.4763259776983
1213	2487.440236808372
1214	2021.6181853074922
1215	2289.799881886475
1216	811.95246038132
1217	1208.0457192098115
1218	2764.0292542435327
1219	2889.9053319623167
1220	2490.869242792991
1221	2025.0471912921107
1222	2293.2288878710933
1223	815.3814663659384
1224	1211.4747251944298
1225	2767.4582602281507
1226	2893.334337946935
1227	2494.298248777609
1228	2028.4761972767292
1229	2296.657893855712
1230	818.8104723505569
1231	2770.8872662127696
1232	2896.7633439315537
1233	2497.727254762228
1234	2031.9052032613477
1235	2300.0868998403303
1236	822.2394783351754
1237	1218.3327371636667
1238	2774.3162721973877
1239	2900.192349916172
1240	2501.156260746846
1241	2035.334209245966
1242	2303.5159058249487
1243	825.6684843197938
1244	1221.7617431482852
1245	2777.7452781820066
1246	2903.6213559007906
1247	2504.585266731465
1248	2038.7632152305844
1249	2306.944911809567
1250	829.0974903044122
1251	2781.1742841666246
1252	2907.050361885409
1253	2508.014272716083
1254	2042.1922212152028
1255	2310.3739177941857
1256	832.5264962890307
1257	2784.603290151243
1258	2910.4793678700275
1259	2511.4432787007017
1260	2045.6212271998213
1261	2313.802923778804
1262	835.9555022736491
1263	2788.0322961358615
1264	2913.908373854646
1265	2514.8722846853198
1266	2049.05023318444
1267	2317.2319297634226
1268	839.3845082582676
1269	1235.477767086759
1270	2791.46130212048
1271	2917.3373798392645
1272	2518.301290669938
1273	2052.479239169058
1274	2320.660935748041
1275	842.8135142428861
1276	1238.9067730713775
1277	2794.8903081050985
1278	2920.766385823883
1279	2521.7302966545567
1280	2055.908245153677
1281	2324.0899417326596
1282	846.2425202275045
1283	2798.319314089717
1284	2924.1953918085014
1285	2525.159302639175
1286	2059.337251138295
1287	2327.518947717278
1288	849.671526212123
1289	1245.7647850406142
1290	2801.7483200743354
1291	2927.62439779312
1292	2528.5883086237936
1293	2062.766257122914
1294	2062.766257122914
1295	2330.9479537018965
1296	853.1005321967415
1297	1249.1937910252327
1298	2805.177326058954
1299	2931.0534037777384
1300	2532.017314608412
1301	2066.195263107532
1302	2334.376959686515
1303	856.52953818136
1304	2808.6063320435724
1305	2934.482409762357
1306	2535.4463205930306
1307	2069.6242690921504
