1107	7	288.8989272299375
1107	8	266.4807444317173
1107	9	581.6362152053747
1107	10	380.1364906433558
1108	1	275.5459871470655
1108	2	240.11133698751127
1108	3	298.541124189485
1108	4	398.206197826796
1108	5	270.7299359190193
1108	6	277.8370775023163
1108	7	321.0597254119837
1108	8	287.76898250933107
1108	9	698.3425268975697
1108	10	447.9179513332819
1109	1	56.10422013119708
1109	2	81.54567588346252
1109	3	119.55444849308091
1109	4	78.54366086063922
1109	5	88.45061889152521
1109	6	97.92059006689587
1109	7	127.91172331909256
1109	8	96.37491422624069
1109	9	267.0443624765518
1109	10	77.09757428472341
1110	9	22.733196347934268
1111	1	350.052390605843
1111	2	275.9536208079514
1111	3	346.9936518790771
1111	4	509.64322093104926
1111	5	382.9938204233019
1111	6	284.6446368992631
1111	7	323.1735123275828
1111	8	342.0295920319634
1111	9	763.8758073168186
1111	10	532.9783184896849
1112	1	346.56383761913526
1112	2	306.8028298667995
1112	3	357.547658445868
1112	4	584.9605669328196
1112	5	355.0570485649425
1112	6	320.91606732726717
1112	7	383.2079352681677
1112	8	375.20417681828576
1112	9	828.4656705332352
1112	10	517.8155927897969
1113	1	301.9158094836114
1113	2	272.3570786788429
1113	3	317.37414291656705
1113	4	455.3354564523809
1113	5	299.7363899273163
1113	6	291.38349056469366
1113	7	338.9081902600236
1113	8	320.6012990393509
1113	9	736.1390910306158
1113	10	460.53332679551676
1114	1	241.27037504049665
1114	2	201.96907320126434
1114	3	254.54027956475954
1114	4	336.40179983916727
1114	5	231.8084973410525
1114	6	240.7796630720596
1114	7	288.8989272299375
1114	8	266.4807444317173
1114	9	581.6362152053747
1114	10	380.1364906433558
1115	1	275.5459871470655
1115	2	240.11133698751127
1115	3	298.541124189485
1115	4	398.206197826796
1115	5	270.7299359190193
1115	6	277.8370775023163
1115	7	321.0597254119837
1115	8	287.76898250933107
1115	9	698.3425268975697
1115	10	447.9179513332819
1116	1	56.10422013119708
1116	2	81.54567588346252
1116	3	119.55444849308091
1116	4	78.54366086063922
1116	5	88.45061889152521
1116	6	97.92059006689587
1116	7	127.91172331909256
1116	8	96.37491422624069
1116	9	267.0443624765518
1116	10	77.09757428472341
1117	1	350.052390605843
1117	2	275.9536208079514
1117	3	346.9936518790771
1117	4	509.64322093104926
1117	5	382.9938204233019
1117	6	284.6446368992631
1117	7	323.1735123275828
1117	8	342.0295920319634
1117	9	763.8758073168186
1117	10	532.9783184896849
1118	1	346.56383761913526
1118	2	306.8028298667995
1118	3	357.547658445868
1118	4	584.9605669328196
1118	5	355.0570485649425
1118	6	320.91606732726717
1118	7	383.2079352681677
1118	8	375.20417681828576
1118	9	828.4656705332352
1118	10	517.8155927897969
1119	1	301.9158094836114
1119	2	272.3570786788429
1119	3	317.37414291656705
1119	4	455.3354564523809
1119	5	299.7363899273163
1119	6	291.38349056469366
1119	7	338.9081902600236
1119	8	320.6012990393509
1119	9	736.1390910306158
1119	10	460.53332679551676
1120	1	241.27037504049665
1120	2	201.96907320126434
1120	3	254.54027956475954
1120	4	336.40179983916727
1120	5	231.8084973410525
1120	6	240.7796630720596
1120	7	288.8989272299375
1120	8	266.4807444317173
1120	9	581.6362152053747
1120	10	380.1364906433558
1121	1	275.5459871470655
1121	2	240.11133698751127
1121	3	298.541124189485
1121	4	398.206197826796
1121	5	270.7299359190193
1121	6	277.8370775023163
1121	7	321.0597254119837
1121	8	287.76898250933107
1121	9	698.3425268975697
1121	10	447.9179513332819
1122	1	56.10422013119708
1122	2	81.54567588346252
1122	3	119.55444849308091
1122	4	78.54366086063922
1122	5	88.45061889152521
1122	6	97.92059006689587
1122	7	127.91172331909256
1122	8	96.37491422624069
1122	9	267.0443624765518
1122	10	77.09757428472341
1123	1	350.052390605843
1123	2	275.9536208079514
1123	3	346.9936518790771
1123	4	509.64322093104926
1123	5	382.9938204233019
1123	6	284.6446368992631
1123	7	323.1735123275828
1123	8	342.0295920319634
1123	9	763.8758073168186
1123	10	532.9783184896849
1124	1	346.56383761913526
1124	2	306.8028298667995
1124	3	357.547658445868
1124	4	584.9605669328196
1124	5	355.0570485649425
1124	6	320.91606732726717
1124	7	383.2079352681677
1124	8	375.20417681828576
1124	9	828.4656705332352
1124	10	517.8155927897969
1125	1	301.9158094836114
1125	2	272.3570786788429
1125	3	317.37414291656705
1125	4	455.3354564523809
1125	5	299.7363899273163
1125	6	291.38349056469366
1125	7	338.9081902600236
1125	8	320.6012990393509
1125	9	736.1390910306158
1125	10	460.53332679551676
1126	1	241.27037504049665
1126	2	201.96907320126434
1126	3	254.54027956475954
1126	4	336.40179983916727
1126	5	231.8084973410525
1126	6	240.7796630720596
1126	7	288.8989272299375
1126	8	266.4807444317173
1126	9	581.6362152053747
1126	10	380.1364906433558
1127	1	275.5459871470655
1127	2	240.11133698751127
1127	3	298.541124189485
1127	4	398.206197826796
1127	5	270.7299359190193
1127	6	277.8370775023163
1127	7	321.0597254119837
1127	8	287.76898250933107
1127	9	698.3425268975697
1127	10	447.9179513332819
1128	1	56.10422013119708
1128	2	81.54567588346252
1128	3	119.55444849308091
1128	4	78.54366086063922
1128	5	88.45061889152521
1128	6	97.92059006689587
1128	7	127.91172331909256
1128	8	96.37491422624069
1128	9	267.0443624765518
1129	1	350.052390605843
1129	2	275.9536208079514
1129	3	346.9936518790771
1129	4	509.64322093104926
1129	5	382.9938204233019
1129	6	284.6446368992631
1129	7	323.1735123275828
1129	8	342.0295920319634
1129	9	763.8758073168186
1129	10	532.9783184896849
1130	1	346.56383761913526
1130	2	306.8028298667995
1130	3	357.547658445868
1130	4	584.9605669328196
1130	5	355.0570485649425
1130	6	320.91606732726717
1130	7	383.2079352681677
1130	8	375.20417681828576
1130	9	828.4656705332352
1130	10	517.8155927897969
1131	1	289.81468464792897
1131	2	207.47663832534118
1131	3	324.36945291133725
1131	4	435.1628341424123
1131	5	294.23608942491376
1131	6	281.89642857256814
1131	7	348.68194008172577
1131	8	354.470443389818
1131	9	741.9061049670132
1131	10	379.67188978931813
1132	1	229.16925020481426
1132	2	137.08863284776263
1132	3	261.53558955952974
1132	4	316.22917752919864
1132	5	226.30819683864996
1132	6	231.29260107993403
1132	7	298.6726770516396
1132	8	300.3498887821843
1132	9	587.4032291417722
1132	10	299.27505363715716
1133	1	263.4448623113831
1133	2	175.23089663400953
1133	3	305.5364341842552
1133	4	378.03357551682734
1133	5	265.22963541661676
1133	6	268.3500155101907
1133	7	330.8334752336859
1133	8	321.63812685979815
1133	9	704.1095408339671
1133	10	367.0565143270833
1134	1	44.00309529551468
1134	2	16.665235529960796
1134	3	126.54975848785111
1134	4	58.371038550670605
1134	5	82.95031838912269
1134	6	88.4335280747703
1134	7	137.68547314079467
1134	8	130.24405857670766
1134	9	272.8113764129493
1134	10	0.0
1135	1	337.9512657701606
1135	2	211.07318045444964
1135	3	353.9889618738473
1135	4	489.4705986210807
1135	5	377.49351992089936
1135	6	275.15757490713753
1135	7	332.9472621492849
1135	8	375.89873638243034
1135	9	769.6428212532161
1135	10	452.1168814834863
1136	1	334.46271278345284
1136	2	241.9223895132978
1136	3	364.5429684406382
1136	4	564.787944622851
1136	5	349.55674806253995
1136	6	311.42900533514165
1136	7	392.98168508986987
1136	8	409.0733211687527
1136	9	834.2326844696328
1136	10	436.95415578359837
1137	1	289.81468464792897
1137	2	207.47663832534118
1137	3	324.36945291133725
1137	4	435.1628341424123
1137	5	294.23608942491376
1137	6	281.89642857256814
1137	7	348.68194008172577
1137	8	354.470443389818
1137	9	741.9061049670132
1137	10	379.67188978931813
1138	3	69.1958304360918
1138	4	0.0
1138	9	28.103573184935442
1139	9	144.8098848771304
1140	1	258.17583477675703
1140	2	180.66542257017142
1140	3	325.4980414111284
1140	4	330.59215483666617
1140	5	263.07947792403576
1140	6	258.3016609069938
1140	7	317.2120014953533
1140	8	321.56017576992235
1140	9	662.3262662406188
1140	10	459.67374232034297
1141	1	337.9512657701606
1141	2	211.07318045444964
1141	3	353.9889618738473
1141	4	489.4705986210807
1141	5	377.49351992089936
1141	6	275.15757490713753
1141	7	332.9472621492849
1141	8	375.89873638243034
1141	9	769.6428212532161
1141	10	452.1168814834863
1142	1	334.46271278345284
1142	2	241.9223895132978
1142	3	364.5429684406382
1142	4	564.787944622851
1142	5	349.55674806253995
1142	6	311.42900533514165
1142	7	392.98168508986987
1142	8	409.0733211687527
1142	9	834.2326844696328
1142	10	436.95415578359837
1143	1	289.81468464792897
1143	2	207.47663832534118
1143	3	324.36945291133725
1143	4	435.1628341424123
1143	5	294.23608942491376
1143	6	281.89642857256814
1143	7	348.68194008172577
1143	8	354.470443389818
1143	9	741.9061049670132
1143	10	379.67188978931813
1144	1	229.16925020481426
1144	2	137.08863284776263
1144	3	261.53558955952974
1144	4	316.22917752919864
1144	5	226.30819683864996
1144	6	231.29260107993403
1144	7	298.6726770516396
1144	8	300.3498887821843
1144	9	587.4032291417722
1144	10	299.27505363715716
1145	1	263.4448623113831
1145	2	175.23089663400953
1145	3	305.5364341842552
1145	4	378.03357551682734
1145	5	265.22963541661676
1145	6	268.3500155101907
1145	7	330.8334752336859
1145	8	321.63812685979815
1145	9	704.1095408339671
1145	10	367.0565143270833
1146	1	44.00309529551468
1146	2	16.665235529960796
1146	3	126.54975848785111
1146	4	58.371038550670605
1146	5	82.95031838912269
1146	6	88.4335280747703
1146	7	137.68547314079467
1146	8	130.24405857670766
1146	9	272.8113764129493
1147	9	28.500210284331786
1148	1	337.9512657701606
1148	2	211.07318045444964
1148	3	353.9889618738473
1148	4	489.4705986210807
1148	5	377.49351992089936
1148	6	275.15757490713753
1148	7	332.9472621492849
1148	8	375.89873638243034
1148	9	769.6428212532161
1148	10	452.1168814834863
1149	1	334.46271278345284
1149	2	241.9223895132978
1149	3	364.5429684406382
1149	4	564.787944622851
1149	5	349.55674806253995
1149	6	311.42900533514165
1149	7	392.98168508986987
1149	8	409.0733211687527
1149	9	834.2326844696328
1149	10	436.95415578359837
1150	1	289.81468464792897
1150	2	207.47663832534118
1150	3	324.36945291133725
1150	4	435.1628341424123
1150	5	294.23608942491376
1150	6	281.89642857256814
1150	7	348.68194008172577
1150	8	354.470443389818
1150	9	741.9061049670132
1150	10	379.67188978931813
1151	1	229.16925020481426
1151	2	137.08863284776263
1151	3	261.53558955952974
1151	4	316.22917752919864
1151	5	226.30819683864996
1151	6	231.29260107993403
1151	7	298.6726770516396
1151	8	300.3498887821843
1151	9	587.4032291417722
1151	10	299.27505363715716
1152	1	263.4448623113831
1152	2	175.23089663400953
1152	3	305.5364341842552
1152	4	378.03357551682734
1152	5	265.22963541661676
1152	6	268.3500155101907
1152	7	330.8334752336859
1152	8	321.63812685979815
1152	9	704.1095408339671
1152	10	367.0565143270833
1153	1	44.00309529551468
1153	2	16.665235529960796
1153	3	126.54975848785111
1153	4	58.371038550670605
1153	5	82.95031838912269
1153	6	88.4335280747703
1153	7	137.68547314079467
1153	8	130.24405857670766
1153	9	272.8113764129493
1153	10	0.0
1154	3	2.605350248095178
1154	7	66.844590589196
1154	9	28.500210284331786
1155	1	337.9512657701606
1155	2	211.07318045444964
1155	3	353.9889618738473
1155	4	489.4705986210807
1155	5	377.49351992089936
1155	6	275.15757490713753
1155	7	332.9472621492849
1155	8	375.89873638243034
1155	9	769.6428212532161
1155	10	452.1168814834863
1156	1	334.46271278345284
1156	2	241.9223895132978
1156	3	364.5429684406382
1156	4	564.787944622851
1156	5	349.55674806253995
1156	6	311.42900533514165
1156	7	392.98168508986987
1156	8	409.0733211687527
1156	9	834.2326844696328
1156	10	436.95415578359837
1157	1	289.81468464792897
1157	2	207.47663832534118
1157	3	324.36945291133725
1157	4	435.1628341424123
1157	5	294.23608942491376
1157	6	281.89642857256814
1157	7	348.68194008172577
1157	8	354.470443389818
1157	9	741.9061049670132
1157	10	379.67188978931813
1158	1	229.16925020481426
1158	2	137.08863284776263
1158	3	261.53558955952974
1158	4	316.22917752919864
1158	5	226.30819683864996
1158	6	231.29260107993403
1158	7	298.6726770516396
1158	8	300.3498887821843
1158	9	587.4032291417722
1158	10	299.27505363715716
1159	1	277.8363427630435
1159	2	222.77633287442168
1159	3	273.3099075236926
1159	4	303.8157165570235
1159	5	295.66840498940996
1159	6	273.66891665651656
1159	7	311.11163546449416
1159	8	335.6900279873928
1159	9	664.3813119918838
1159	10	361.62760141766756
1160	1	58.39457574717511
1160	2	64.21067177037295
1160	3	94.32323182728848
1160	4	0.0
1160	5	113.38908796191589
1160	6	93.75242922109618
1160	7	117.96363337160297
1160	8	144.2959597043023
1160	9	233.08314757086595
1160	10	0.0
1161	9	88.77198144224843
1162	1	352.342746221821
1162	2	258.61861669486177
1162	3	321.7624352132847
1162	4	415.25273966127685
1162	5	407.93228949369256
1162	6	280.47647605346344
1162	7	313.22542238009316
1162	8	389.950637510025
1162	9	729.9145924111327
1162	10	446.68796857407057
1163	1	348.85419323511326
1163	2	289.4678257537099
1163	3	332.3164417800756
1163	4	490.57008566304717
1163	5	379.99551763533316
1163	6	316.7479064814675
1163	7	373.2598453206781
1163	8	423.1252222963474
1163	9	794.5044556275494
1163	10	431.52524287418265
1164	1	304.2061650995894
1164	2	255.02207456575334
1164	3	292.1429262507746
1164	4	360.94497518260846
1164	5	324.67485899770696
1164	6	287.215329718894
1164	7	328.96010031253405
1164	8	368.52234451741265
1164	9	702.1778761249299
1164	10	374.2429768799024
1165	1	243.56073065647468
1165	2	184.63406908817478
1165	3	229.3090628989671
1165	4	242.0113185693948
1165	5	256.74696641144317
1165	6	236.61150222625992
1165	7	278.9508372824479
1165	8	314.4017899097789
1165	9	547.6750002996888
1165	10	293.84614072774144
1166	1	277.8363427630435
1166	2	222.77633287442168
1166	3	273.3099075236926
1166	4	303.8157165570235
1166	5	295.66840498940996
1166	6	273.66891665651656
1166	7	311.11163546449416
1166	8	335.6900279873928
1166	9	664.3813119918838
1166	10	361.62760141766756
1167	1	58.39457574717511
1167	3	94.32323182728848
1167	4	0.0
1167	5	113.38908796191589
1167	6	93.75242922109618
1167	7	117.96363337160297
1167	8	144.2959597043023
1167	9	233.08314757086595
1167	10	0.0
1168	1	352.342746221821
1168	2	258.61861669486177
1168	3	321.7624352132847
1168	4	415.25273966127685
1168	5	407.93228949369256
1168	6	280.47647605346344
1168	7	313.22542238009316
1168	8	389.950637510025
1168	9	729.9145924111327
1168	10	446.68796857407057
1169	1	348.85419323511326
1169	2	289.4678257537099
1169	3	332.3164417800756
1169	4	490.57008566304717
1169	5	379.99551763533316
1169	6	316.7479064814675
1169	7	373.2598453206781
1169	8	423.1252222963474
1169	9	794.5044556275494
1169	10	431.52524287418265
1170	1	304.2061650995894
1170	2	255.02207456575334
1170	3	292.1429262507746
1170	4	360.94497518260846
1170	5	324.67485899770696
1170	6	287.215329718894
1170	7	328.96010031253405
1170	8	368.52234451741265
1170	9	702.1778761249299
1170	10	374.2429768799024
1171	1	243.56073065647468
1171	2	184.63406908817478
1171	3	229.3090628989671
1171	4	242.0113185693948
1171	5	256.74696641144317
1171	6	236.61150222625992
1171	7	278.9508372824479
1171	8	314.4017899097789
1171	9	547.6750002996888
1171	10	293.84614072774144
1172	1	277.8363427630435
1172	2	222.77633287442168
1172	3	273.3099075236926
1172	4	303.8157165570235
1172	5	295.66840498940996
1172	6	273.66891665651656
1172	7	311.11163546449416
1172	8	335.6900279873928
1172	9	664.3813119918838
1172	10	361.62760141766756
1173	1	58.39457574717511
1173	2	64.21067177037295
1173	3	94.32323182728848
1173	4	0.0
1173	5	113.38908796191589
1173	6	93.75242922109618
1173	7	117.96363337160297
1173	8	144.2959597043023
1173	9	233.08314757086595
1174	1	352.342746221821
1174	2	258.61861669486177
1174	3	321.7624352132847
1174	4	415.25273966127685
1174	5	407.93228949369256
1174	6	280.47647605346344
1174	7	313.22542238009316
1174	8	389.950637510025
1174	9	729.9145924111327
1174	10	446.68796857407057
1175	1	348.85419323511326
1175	2	289.4678257537099
1175	3	332.3164417800756
1175	4	490.57008566304717
1175	5	379.99551763533316
1175	6	316.7479064814675
1175	7	373.2598453206781
1175	8	423.1252222963474
1175	9	794.5044556275494
1175	10	431.52524287418265
1176	1	304.2061650995894
1176	2	255.02207456575334
1176	3	292.1429262507746
1176	4	360.94497518260846
1176	5	324.67485899770696
1176	6	287.215329718894
1176	7	328.96010031253405
1176	8	368.52234451741265
1176	9	702.1778761249299
1176	10	374.2429768799024
1177	1	243.56073065647468
1177	2	184.63406908817478
1177	3	229.3090628989671
1177	4	242.0113185693948
1177	5	256.74696641144317
1177	6	236.61150222625992
1177	7	278.9508372824479
1177	8	314.4017899097789
1177	9	547.6750002996888
1177	10	293.84614072774144
1178	1	277.8363427630435
1178	2	222.77633287442168
1178	3	273.3099075236926
1178	4	303.8157165570235
1178	5	295.66840498940996
1178	6	273.66891665651656
1178	7	311.11163546449416
1178	8	335.6900279873928
1178	9	664.3813119918838
1178	10	361.62760141766756
1179	1	58.39457574717511
1179	3	94.32323182728848
1179	4	0.0
1179	5	113.38908796191589
1179	6	93.75242922109618
1179	7	117.96363337160297
1179	8	144.2959597043023
1179	9	233.08314757086595
1179	10	0.0
1180	1	352.342746221821
1180	2	258.61861669486177
1180	3	321.7624352132847
1180	4	415.25273966127685
1180	5	407.93228949369256
1180	6	280.47647605346344
1180	7	313.22542238009316
1180	8	389.950637510025
1180	9	729.9145924111327
1180	10	446.68796857407057
1181	1	348.85419323511326
1181	2	289.4678257537099
1181	3	332.3164417800756
1181	4	490.57008566304717
1181	5	379.99551763533316
1181	6	316.7479064814675
1181	7	373.2598453206781
1181	8	423.1252222963474
1181	9	794.5044556275494
1181	10	431.52524287418265
1182	1	304.2061650995894
1182	2	255.02207456575334
1182	3	292.1429262507746
1182	4	360.94497518260846
1182	5	324.67485899770696
1182	6	287.215329718894
1182	7	328.96010031253405
1182	8	368.52234451741265
1182	9	702.1778761249299
1182	10	374.2429768799024
1183	1	243.56073065647468
1183	2	184.63406908817478
1183	3	229.3090628989671
1183	4	242.0113185693948
1183	5	256.74696641144317
1183	6	236.61150222625992
1183	7	278.9508372824479
1183	8	314.4017899097789
1183	9	547.6750002996888
1183	10	293.84614072774144
1184	1	277.8363427630435
1184	2	222.77633287442168
1184	3	273.3099075236926
1184	4	303.8157165570235
1184	5	295.66840498940996
1184	6	273.66891665651656
1184	7	311.11163546449416
1184	8	335.6900279873928
1184	9	664.3813119918838
1184	10	361.62760141766756
1185	2	64.21067177037295
1185	3	94.32323182728848
1185	4	0.0
1185	5	113.38908796191589
1185	6	93.75242922109618
1185	7	117.96363337160297
1185	8	144.2959597043023
1185	9	233.08314757086595
1185	10	0.0
1186	1	299.09603681917264
1186	2	233.9338941897923
1186	3	351.81025875523005
1186	4	460.20918279511443
1186	5	421.52383210918185
1186	6	286.11862110686315
1186	7	325.1854698814209
1186	8	392.60644077176994
1186	9	785.1723585341832
1186	10	504.3811981783117
1187	1	295.6074838324649
1187	2	264.7831032486405
1187	3	362.36426532202097
1187	4	535.5265287968848
1187	5	393.58706025082245
1187	6	322.3900515348672
1187	7	385.2198928220058
1187	8	425.7810255580923
1187	9	849.7622217505998
1187	10	489.2184724784238
1188	1	250.959455696941
1188	2	230.33735206068386
1188	3	322.19074979272
1188	4	405.90141831644604
1188	5	338.26640161319625
1188	6	292.8574747722937
1188	7	340.9201478138618
1188	8	371.1781477791576
1188	9	757.4356422479804
1188	10	431.93620648414355
1189	1	190.3140212538263
1189	2	159.9493465831053
1189	3	259.3568864409125
1189	4	286.9677617032324
1189	5	270.33850902693246
1189	6	242.25364727965962
1189	7	290.9108847837756
1189	8	317.0575931715239
1189	9	602.9327664227393
1189	10	351.5393703319826
1190	1	224.5896333603951
1190	2	198.0916103693522
1190	3	303.35773106563795
1190	4	348.7721596908611
1190	5	309.25994760489925
1190	6	279.31106170991626
1190	7	323.0716829658219
1190	8	338.34583124913775
1190	9	719.6390781149343
1190	10	419.3208310219087
1191	1	5.147866344526733
1191	3	124.37105536923383
1191	4	29.10962272470438
1191	5	126.98063057740518
1191	6	99.39457427449588
1191	7	129.92368087293067
1191	8	146.95176296604726
1191	9	288.3409136939164
1191	10	48.500453973350176
1192	1	299.09603681917264
1192	2	233.9338941897923
1192	3	351.81025875523005
1192	4	460.20918279511443
1192	5	421.52383210918185
1192	6	286.11862110686315
1192	7	325.1854698814209
1192	8	392.60644077176994
1192	9	785.1723585341832
1192	10	504.3811981783117
1193	1	295.6074838324649
1193	2	264.7831032486405
1193	3	362.36426532202097
1193	4	535.5265287968848
1193	5	393.58706025082245
1193	6	322.3900515348672
1193	7	385.2198928220058
1193	8	425.7810255580923
1193	9	849.7622217505998
1193	10	489.2184724784238
1194	1	250.959455696941
1194	2	230.33735206068386
1194	3	322.19074979272
1194	4	405.90141831644604
1194	5	338.26640161319625
1194	6	292.8574747722937
1194	7	340.9201478138618
1194	8	371.1781477791576
1194	9	757.4356422479804
1194	10	431.93620648414355
1195	1	190.3140212538263
1195	2	159.9493465831053
1195	3	259.3568864409125
1195	4	286.9677617032324
1195	5	270.33850902693246
1195	6	242.25364727965962
1195	7	290.9108847837756
1195	8	317.0575931715239
1195	9	602.9327664227393
1195	10	351.5393703319826
1196	1	224.5896333603951
1196	2	198.0916103693522
1196	3	303.35773106563795
1196	4	348.7721596908611
1196	5	309.25994760489925
1196	6	279.31106170991626
1196	7	323.0716829658219
1196	8	338.34583124913775
1196	9	719.6390781149343
1196	10	419.3208310219087
1197	1	5.147866344526733
1197	2	39.52594926530347
1197	3	124.37105536923383
1197	4	29.10962272470438
1197	5	126.98063057740518
1197	6	99.39457427449588
1197	7	129.92368087293067
1197	8	146.95176296604726
1197	9	288.3409136939164
1197	10	48.500453973350176
1198	1	299.09603681917264
1198	2	233.9338941897923
1198	3	351.81025875523005
1198	4	460.20918279511443
1198	5	421.52383210918185
1198	6	286.11862110686315
1198	7	325.1854698814209
1198	8	392.60644077176994
1198	9	785.1723585341832
1198	10	504.3811981783117
1199	1	295.6074838324649
1199	2	264.7831032486405
1199	3	362.36426532202097
1199	4	535.5265287968848
1199	5	393.58706025082245
1199	6	322.3900515348672
1199	7	385.2198928220058
1199	8	425.7810255580923
1199	9	849.7622217505998
1199	10	489.2184724784238
1200	1	250.959455696941
1200	2	230.33735206068386
1200	3	322.19074979272
1200	4	405.90141831644604
1200	5	338.26640161319625
1200	6	292.8574747722937
1200	7	340.9201478138618
1200	8	371.1781477791576
1200	9	757.4356422479804
1200	10	431.93620648414355
1201	1	190.3140212538263
1201	2	159.9493465831053
1201	3	259.3568864409125
1201	4	286.9677617032324
1201	5	270.33850902693246
1201	6	242.25364727965962
1201	7	290.9108847837756
1201	8	317.0575931715239
1201	9	602.9327664227393
1201	10	351.5393703319826
1202	1	224.5896333603951
1202	2	198.0916103693522
1202	3	303.35773106563795
1202	4	348.7721596908611
1202	5	309.25994760489925
1202	6	279.31106170991626
1202	7	323.0716829658219
1202	8	338.34583124913775
1202	9	719.6390781149343
1202	10	419.3208310219087
1203	1	5.147866344526733
1203	3	124.37105536923383
1203	4	29.10962272470438
1203	5	126.98063057740518
1203	6	99.39457427449588
1203	8	146.95176296604726
1203	9	288.3409136939164
1203	10	48.500453973350176
1204	10	8.87160000745996
1205	1	299.09603681917264
1205	2	233.9338941897923
1205	3	351.81025875523005
1205	4	460.20918279511443
1205	5	421.52383210918185
1205	6	286.11862110686315
1205	7	325.1854698814209
1205	8	392.60644077176994
1205	9	785.1723585341832
1205	10	504.3811981783117
1206	1	295.6074838324649
1206	2	264.7831032486405
1206	3	362.36426532202097
1206	4	535.5265287968848
1206	5	393.58706025082245
1206	6	322.3900515348672
1206	7	385.2198928220058
1206	8	425.7810255580923
1206	9	849.7622217505998
1206	10	489.2184724784238
1207	1	250.959455696941
1207	2	230.33735206068386
1207	3	322.19074979272
1207	4	405.90141831644604
1207	5	338.26640161319625
1207	6	292.8574747722937
1207	7	340.9201478138618
1207	8	371.1781477791576
1207	9	757.4356422479804
1207	10	431.93620648414355
1208	1	190.3140212538263
1208	2	159.9493465831053
1208	3	259.3568864409125
1208	4	286.9677617032324
1208	5	270.33850902693246
1208	6	242.25364727965962
1208	7	290.9108847837756
1208	8	317.0575931715239
1208	9	602.9327664227393
1208	10	351.5393703319826
1209	1	224.5896333603951
1209	2	198.0916103693522
1209	3	303.35773106563795
1209	4	348.7721596908611
1209	5	309.25994760489925
1209	6	279.31106170991626
1209	7	323.0716829658219
1209	8	338.34583124913775
1209	9	719.6390781149343
1209	10	419.3208310219087
1210	1	5.147866344526733
1210	2	39.52594926530347
1210	3	124.37105536923383
1210	4	29.10962272470438
1210	5	126.98063057740518
1210	6	99.39457427449588
1210	7	129.92368087293067
1210	8	146.95176296604726
1210	9	288.3409136939164
1210	10	48.500453973350176
1211	6	89.55190017271367
1212	1	299.09603681917264
1212	2	233.9338941897923
1212	3	351.81025875523005
1212	4	460.20918279511443
1212	5	421.52383210918185
1212	6	286.11862110686315
1212	7	325.1854698814209
1212	8	392.60644077176994
1212	9	785.1723585341832
1212	10	504.3811981783117
1213	1	295.6074838324649
1213	2	264.7831032486405
1213	3	362.36426532202097
1213	4	535.5265287968848
1213	5	393.58706025082245
1213	6	322.3900515348672
1213	7	385.2198928220058
1213	8	425.7810255580923
1213	9	849.7622217505998
1213	10	489.2184724784238
1214	1	250.959455696941
1214	2	230.33735206068386
1214	3	322.19074979272
1214	4	405.90141831644604
1214	5	338.26640161319625
1214	6	292.8574747722937
1214	7	340.9201478138618
1214	8	371.1781477791576
1214	9	757.4356422479804
1214	10	431.93620648414355
1215	1	245.49018917110547
1215	3	331.05639828247536
1215	4	362.308288483479
1215	5	283.0985312951802
1215	6	292.955794434053
1215	7	352.6220250753353
1215	8	444.16152465524476
1215	9	793.264503566964
1215	10	415.23409823985
1216	1	279.7658012776743
1216	2	251.7672043334582
1216	3	375.0572429072008
1216	4	424.1126864711077
1216	5	322.019969873147
1216	6	330.01320886430966
1216	7	384.78282325738155
1216	8	465.44976273285863
1216	9	909.9708152591589
1216	10	483.01555892977615
1217	1	60.32403426180589
1217	2	93.20154322940948
1217	3	196.0705672107967
1217	4	104.45014950495099
1217	5	139.7406528456529
1217	6	150.09672142888928
1217	7	191.63482116449035
1217	8	274.0556944497681
1217	9	478.67265083814107
1217	10	112.19518188121768
1218	7	120.79393861289168
1219	1	354.27220473645184
1219	2	287.6094881538983
1219	3	423.5097705967929
1219	4	535.549709575361
1219	5	434.2838543774296
1219	6	336.82076826125655
1219	7	386.89661017298056
1219	8	519.7103722554908
1219	9	975.5040956784079
1219	10	568.0759260861792
1220	1	350.7836517497441
1220	2	318.4586972127465
1220	3	434.06377716358384
1220	4	610.8670555771314
1220	5	406.34708251907017
1220	6	373.0921986892606
1220	7	446.93103311356555
1220	8	552.8849570418132
1220	9	1040.0939588948245
1220	10	552.9132003862912
1221	1	306.1356236142202
1221	2	284.01294602478987
1221	3	393.89026163428287
1221	4	481.24194509669263
1221	5	351.026423881444
1221	6	343.5596219266871
1221	7	402.63128810542145
1221	8	498.2820792628785
1221	9	947.767379392205
1221	10	495.630934392011
1222	1	245.49018917110547
1222	2	213.6249405472113
1222	3	331.05639828247536
1222	4	362.308288483479
1222	5	283.0985312951802
1222	6	292.955794434053
1222	7	352.6220250753353
1222	8	444.16152465524476
1222	9	793.264503566964
1222	10	415.23409823985
1223	1	279.7658012776743
1223	2	251.7672043334582
1223	3	375.0572429072008
1223	4	424.1126864711077
1223	5	322.019969873147
1223	6	330.01320886430966
1223	7	384.78282325738155
1223	8	465.44976273285863
1223	9	909.9708152591589
1223	10	483.01555892977615
1224	1	60.32403426180589
1224	2	93.20154322940948
1224	3	196.0705672107967
1224	4	104.45014950495099
1224	5	139.7406528456529
1224	6	150.09672142888928
1224	7	191.63482116449035
1224	8	274.0556944497681
1224	9	478.67265083814107
1224	10	112.19518188121768
1225	1	354.27220473645184
1225	2	287.6094881538983
1225	3	423.5097705967929
1225	4	535.549709575361
1225	5	434.2838543774296
1225	6	336.82076826125655
1225	7	386.89661017298056
1225	8	519.7103722554908
1225	9	975.5040956784079
1225	10	568.0759260861792
1226	1	350.7836517497441
1226	2	318.4586972127465
1226	3	434.06377716358384
1226	4	610.8670555771314
1226	5	406.34708251907017
1226	6	373.0921986892606
1226	7	446.93103311356555
1226	8	552.8849570418132
1226	9	1040.0939588948245
1226	10	552.9132003862912
1227	1	306.1356236142202
1227	2	284.01294602478987
1227	3	393.89026163428287
1227	4	481.24194509669263
1227	5	351.026423881444
1227	6	343.5596219266871
1227	7	402.63128810542145
1227	8	498.2820792628785
1227	9	947.767379392205
1227	10	495.630934392011
1228	5	175.92338737631786
1228	9	233.9648476101272
1228	10	18.77272076568721
1229	6	76.5665801310398
1229	10	63.03687288357108
1230	1	274.49677374304827
1230	2	257.2017302696201
1230	3	395.018850134074
1230	4	376.6712657909465
1230	5	319.869812380566
1230	6	319.9648542611128
1230	7	371.16134951904894
1230	8	465.37181164298283
1230	9	868.1875406658106
1230	10	575.6327869230358
1231	1	354.27220473645184
1231	2	287.6094881538983
1231	3	423.5097705967929
1231	4	535.549709575361
1231	5	434.2838543774296
1231	6	336.82076826125655
1231	7	386.89661017298056
1231	8	519.7103722554908
1231	9	975.5040956784079
1231	10	568.0759260861792
1232	1	350.7836517497441
1232	2	318.4586972127465
1232	3	434.06377716358384
1232	4	610.8670555771314
1232	5	406.34708251907017
1232	6	373.0921986892606
1232	7	446.93103311356555
1232	8	552.8849570418132
1232	9	1040.0939588948245
1232	10	552.9132003862912
1233	1	306.1356236142202
1233	2	284.01294602478987
1233	3	393.89026163428287
1233	4	481.24194509669263
1233	5	351.026423881444
1233	6	343.5596219266871
1233	7	402.63128810542145
1233	8	498.2820792628785
1233	9	947.767379392205
1233	10	495.630934392011
1234	1	245.49018917110547
1234	2	213.6249405472113
1234	3	331.05639828247536
1234	4	362.308288483479
1234	5	283.0985312951802
1234	6	292.955794434053
1234	7	352.6220250753353
1234	8	444.16152465524476
1234	9	793.264503566964
1234	10	415.23409823985
1235	1	279.7658012776743
1235	2	251.7672043334582
1235	4	424.1126864711077
1235	5	322.019969873147
1235	6	330.01320886430966
1235	7	384.78282325738155
1235	8	465.44976273285863
1235	9	909.9708152591589
1235	10	483.01555892977615
1236	1	60.32403426180589
1236	2	93.20154322940948
1236	4	104.45014950495099
1236	5	139.7406528456529
1236	6	150.09672142888928
1236	9	478.67265083814107
1237	1	354.27220473645184
1237	2	287.6094881538983
1237	3	423.5097705967929
1237	4	535.549709575361
1237	5	434.2838543774296
1237	6	336.82076826125655
1237	7	386.89661017298056
1237	8	519.7103722554908
1237	9	975.5040956784079
1237	10	568.0759260861792
1238	2	318.4586972127465
1238	3	434.06377716358384
1238	4	610.8670555771314
1238	5	406.34708251907017
1238	6	373.0921986892606
1238	7	446.93103311356555
1238	9	1040.0939588948245
1238	10	552.9132003862912
1239	1	306.1356236142202
1239	2	284.01294602478987
1239	3	393.89026163428287
1239	4	481.24194509669263
1239	6	343.5596219266871
1239	7	402.63128810542145
1239	8	498.2820792628785
1239	9	947.767379392205
1239	10	495.630934392011
1240	1	245.49018917110547
1240	2	213.6249405472113
1240	3	331.05639828247536
1240	4	362.308288483479
1240	6	292.955794434053
1240	7	352.6220250753353
1240	8	444.16152465524476
1240	9	793.264503566964
1240	10	415.23409823985
1241	1	279.7658012776743
1241	2	251.7672043334582
1241	3	375.0572429072008
1241	4	424.1126864711077
1241	6	330.01320886430966
1241	9	909.9708152591589
1242	1	85.2151398069908
1242	5	337.6743623494948
1242	6	154.02308377753246
1242	9	598.7260432754099
1243	6	124.49050701495894
1243	8	301.03248782642106
1243	9	506.39946377279045
1243	10	30.432256362741384
1244	2	34.9492633958469
1244	3	111.00185743847874
1244	4	0.0
1244	6	73.88667952232485
1244	8	246.91193321878737
1244	10	0.0
1245	2	73.0915271820938
1245	4	49.570027701139
1245	6	110.9440939525815
1245	8	268.2001712964012
1245	9	468.60289963974435
1245	10	17.816880900506533
1246	1	594.141001977592
1246	2	499.40438170851957
1246	3	589.9471463450757
1246	4	813.1630293900384
1246	5	408.14941405438066
1246	6	427.71467424833463
1246	7	293.7655171387727
1246	8	621.2647105036357
1246	9	1238.124100764188
1246	10	1246.033767970439
1247	1	292.05079375168873
1247	2	297.96912148590457
1247	3	367.3040684135153
1247	4	403.65762168819106
1247	5	358.3722361298529
1247	6	325.6970340184496
1247	7	363.0635451969805
1247	8	515.0140736327447
1247	9	986.1192810032327
1247	10	506.8954863679291
1248	1	371.8262247450923
1248	2	328.3768793701828
1248	3	395.79498887623424
1248	4	562.5360654726055
1248	5	472.78627812671647
1248	6	342.5529480185933
1248	7	378.7988058509121
1248	8	569.3526342452527
1248	9	1093.4358360158299
1248	10	499.3386255310724
1249	1	368.33767175838454
1249	2	359.22608842903094
1249	3	406.34899544302516
1249	4	637.8534114743759
1249	5	444.84950626835706
1249	6	378.8243784465974
1249	7	438.8332287914971
1249	8	602.5272190315751
1249	9	1158.0256992322466
1249	10	484.1758998311845
