1250	1	362.33140905581047
1250	2	331.96397842653647
1250	3	377.76839753373764
1250	4	544.7497013807146
1250	5	547.0579168601844
1250	6	391.40268178991585
1250	7	419.8656813253718
1250	8	692.9272722751869
1250	9	1209.4169889080003
1250	10	389.238067048605
1251	1	304.30040272935526
1251	2	269.5875913484367
1251	3	317.335788526418
1251	4	422.67195438597656
1251	5	476.14411108994136
1251	6	340.38735486371723
1251	7	369.96247089642986
1251	8	625.0737362120922
1251	9	1041.479344029121
1251	10	304.22054787143725
1252	1	335.9098559403535
1252	2	303.63563437928616
1252	3	359.8032075371633
1252	4	481.0792728355699
1252	5	511.9962495919917
1252	6	376.9333465119727
1252	7	403.2842035446946
1252	8	654.2533111381831
1252	9	1152.0612405397592
1252	10	372.94296366498247
1253	1	75.26921429467957
1253	2	67.25491509130265
1253	3	106.81881934067773
1253	4	100.09717144506833
1253	5	118.9431449555364
1253	6	59.9093913709255
1253	7	99.85999468288355
1253	8	142.57993498044462
1253	9	168.79757355883083
1253	10	61.34199143444385
1254	4	61.43714880556025
1255	1	416.26237404290464
1255	2	339.7570549509698
1255	3	408.10534752655485
1255	4	599.9961359491676
1255	5	640.7033209187009
1255	6	390.2108348258064
1255	7	410.99815435869823
1255	8	721.4380250256329
1255	9	1218.0997335938132
1255	10	455.75354101566745
1256	1	414.47558296381567
1256	2	377.09622904886663
1256	3	424.97842829786845
1256	4	668.0147389929449
1256	5	606.9622002639439
1256	6	426.8380231122448
1256	7	460.8040941705511
1256	8	756.7352255755695
1256	9	1286.5117380747338
1256	10	435.7860057529647
1257	1	362.33140905581047
1257	2	331.96397842653647
1257	3	377.76839753373764
1257	4	544.7497013807146
1257	5	547.0579168601844
1257	6	391.40268178991585
1257	7	419.8656813253718
1257	8	692.9272722751869
1257	9	1209.4169889080003
1257	10	389.238067048605
1258	1	304.30040272935526
1258	2	269.5875913484367
1258	3	317.335788526418
1258	4	422.67195438597656
1258	5	476.14411108994136
1258	6	340.38735486371723
1258	7	369.96247089642986
1258	8	625.0737362120922
1258	9	1041.479344029121
1258	10	304.22054787143725
1259	1	335.9098559403535
1259	2	303.63563437928616
1259	3	359.8032075371633
1259	4	481.0792728355699
1259	5	511.9962495919917
1259	6	376.9333465119727
1259	7	403.2842035446946
1259	8	654.2533111381831
1259	9	1152.0612405397592
1259	10	372.94296366498247
1260	1	75.26921429467957
1260	2	67.25491509130265
1260	3	106.81881934067773
1260	4	100.09717144506833
1260	5	118.9431449555364
1260	6	59.9093913709255
1260	7	99.85999468288355
1260	8	142.57993498044462
1260	9	168.79757355883083
1260	10	61.34199143444385
1261	1	416.26237404290464
1261	2	339.7570549509698
1261	3	408.10534752655485
1261	4	599.9961359491676
1261	5	640.7033209187009
1261	6	390.2108348258064
1261	7	410.99815435869823
1261	8	721.4380250256329
1261	9	1218.0997335938132
1261	10	455.75354101566745
1262	1	414.47558296381567
1262	2	377.09622904886663
1262	3	424.97842829786845
1262	4	668.0147389929449
1262	5	606.9622002639439
1262	6	426.8380231122448
1262	7	460.8040941705511
1262	8	756.7352255755695
1262	9	1286.5117380747338
1262	10	435.7860057529647
1263	1	362.33140905581047
1263	2	331.96397842653647
1263	3	377.76839753373764
1263	4	544.7497013807146
1263	5	547.0579168601844
1263	6	391.40268178991585
1263	7	419.8656813253718
1263	8	692.9272722751869
1263	9	1209.4169889080003
1263	10	389.238067048605
1264	1	304.30040272935526
1264	2	269.5875913484367
1264	3	317.335788526418
1264	4	422.67195438597656
1264	5	476.14411108994136
1264	6	340.38735486371723
1264	7	369.96247089642986
1264	8	625.0737362120922
1264	9	1041.479344029121
1264	10	304.22054787143725
1265	1	335.9098559403535
1265	2	303.63563437928616
1265	3	359.8032075371633
1265	4	481.0792728355699
1265	5	511.9962495919917
1265	6	376.9333465119727
1265	7	403.2842035446946
1265	8	654.2533111381831
1265	9	1152.0612405397592
1265	10	372.94296366498247
1266	1	75.26921429467957
1266	2	67.25491509130265
1266	3	106.81881934067773
1266	4	100.09717144506833
1266	5	118.9431449555364
1266	6	59.9093913709255
1266	7	99.85999468288355
1266	8	142.57993498044462
1266	9	168.79757355883083
1266	10	61.34199143444385
1267	6	26.42839449464458
1267	9	67.57810896998407
1268	1	416.26237404290464
1268	2	339.7570549509698
1268	3	408.10534752655485
1268	4	599.9961359491676
1268	5	640.7033209187009
1268	6	390.2108348258064
1268	7	410.99815435869823
1268	8	721.4380250256329
1268	9	1218.0997335938132
1268	10	455.75354101566745
1269	1	396.72178078115064
1269	2	316.9200749357815
1269	3	382.6362859105266
1269	4	594.3536037899603
1269	5	626.1699093064758
1269	6	397.99952537005794
1269	7	420.02116144586944
1269	8	734.8510873132802
1269	9	990.897512453127
1269	10	360.6600064673254
1270	1	344.5776068731455
1270	2	271.78782431345127
1270	3	335.4262551463958
1270	4	471.08856617773
1270	5	566.2656259027162
1270	6	362.564184047729
1270	7	379.08274860069014
1270	8	671.0431340128976
1270	9	913.8027632863935
1270	10	314.1120677629657
1271	1	286.54660054669023
1271	2	209.41143723535157
1271	3	274.9936461390762
1271	4	349.010819182992
1271	5	495.3518201324732
1271	6	311.5488571215303
1271	7	329.1795381717482
1271	8	603.1895979498029
1271	9	745.8651184075143
1271	10	229.09454858579798
1272	1	318.1560537576885
1272	2	243.459480266201
1272	3	317.4610651498215
1272	4	407.41813763258534
1272	5	531.2039586345236
1272	6	348.0948487697858
1272	7	362.5012708200129
1272	8	632.3691728758938
1272	9	856.4470149181525
1272	10	297.8169643793432
1273	1	91.78757377887672
1273	2	78.48797551471466
1273	3	132.2104998823088
1273	4	108.00841692945454
1273	5	189.97679298952283
1273	6	67.02941870189522
1273	7	140.31916767175113
1273	8	162.08982685199337
1273	9	157.8191428842154
1273	10	68.76936066703783
1274	1	398.5085718602396
1274	2	279.58090083788466
1274	3	365.763205139213
1274	4	526.3350007461831
1274	5	659.9110299612328
1274	6	361.3723370836195
1274	7	370.21522163401664
1274	8	699.5538867633436
1274	9	922.4855079722064
1274	10	380.62754173002816
1275	1	396.72178078115064
1275	2	316.9200749357815
1275	3	382.6362859105266
1275	4	594.3536037899603
1275	5	626.1699093064758
1275	6	397.99952537005794
1275	7	420.02116144586944
1275	8	734.8510873132802
1275	9	990.897512453127
1275	10	360.6600064673254
1276	1	344.5776068731455
1276	2	271.78782431345127
1276	3	335.4262551463958
1276	4	471.08856617773
1276	5	566.2656259027162
1276	6	362.564184047729
1276	7	379.08274860069014
1276	8	671.0431340128976
1276	9	913.8027632863935
1276	10	314.1120677629657
1277	1	286.54660054669023
1277	2	209.41143723535157
1277	3	274.9936461390762
1277	4	349.010819182992
1277	5	495.3518201324732
1277	6	311.5488571215303
1277	7	329.1795381717482
1277	8	603.1895979498029
1277	9	745.8651184075143
1277	10	229.09454858579798
1278	1	318.1560537576885
1278	2	243.459480266201
1278	3	317.4610651498215
1278	4	407.41813763258534
1278	5	531.2039586345236
1278	6	348.0948487697858
1278	7	362.5012708200129
1278	8	632.3691728758938
1278	9	856.4470149181525
1278	10	297.8169643793432
1279	2	78.48797551471466
1279	3	132.2104998823088
1279	4	108.00841692945454
1279	5	189.97679298952283
1279	6	67.02941870189522
1279	7	140.31916767175113
1279	8	162.08982685199337
1279	9	157.8191428842154
1280	1	58.28264532741272
1281	1	398.5085718602396
1281	2	279.58090083788466
1281	3	365.763205139213
1281	4	526.3350007461831
1281	5	659.9110299612328
1281	6	361.3723370836195
1281	7	370.21522163401664
1281	8	699.5538867633436
1281	9	922.4855079722064
1281	10	380.62754173002816
1282	1	396.72178078115064
1282	2	316.9200749357815
1282	3	382.6362859105266
1282	4	594.3536037899603
1282	5	626.1699093064758
1282	6	397.99952537005794
1282	7	420.02116144586944
1282	8	734.8510873132802
1282	9	990.897512453127
1282	10	360.6600064673254
1283	1	344.5776068731455
1283	2	271.78782431345127
1283	3	335.4262551463958
1283	4	471.08856617773
1283	5	566.2656259027162
1283	6	362.564184047729
1283	7	379.08274860069014
1283	8	671.0431340128976
1283	9	913.8027632863935
1283	10	314.1120677629657
1284	1	286.54660054669023
1284	2	209.41143723535157
1284	3	274.9936461390762
1284	4	349.010819182992
1284	5	495.3518201324732
1284	6	311.5488571215303
1284	7	329.1795381717482
1284	8	603.1895979498029
1284	9	745.8651184075143
1284	10	229.09454858579798
1285	1	318.1560537576885
1285	2	243.459480266201
1285	3	317.4610651498215
1285	4	407.41813763258534
1285	5	531.2039586345236
1285	6	348.0948487697858
1285	7	362.5012708200129
1285	8	632.3691728758938
1285	9	856.4470149181525
1285	10	297.8169643793432
1286	1	91.78757377887672
1286	2	78.48797551471466
1286	4	108.00841692945454
1286	5	189.97679298952283
1286	6	67.02941870189522
1286	7	140.31916767175113
1286	8	162.08982685199337
1286	9	157.8191428842154
1286	10	68.76936066703783
1287	9	56.59967829536868
1288	1	398.5085718602396
1288	2	279.58090083788466
1288	3	365.763205139213
1288	4	526.3350007461831
1288	5	659.9110299612328
1288	6	361.3723370836195
1288	7	370.21522163401664
1288	8	699.5538867633436
1288	9	922.4855079722064
1288	10	380.62754173002816
1289	1	396.72178078115064
1289	2	316.9200749357815
1289	3	382.6362859105266
1289	4	594.3536037899603
1289	5	626.1699093064758
1289	6	397.99952537005794
1289	7	420.02116144586944
1289	8	734.8510873132802
1289	9	990.897512453127
1289	10	360.6600064673254
1290	1	344.5776068731455
1290	2	271.78782431345127
1290	3	335.4262551463958
1290	4	471.08856617773
1290	5	566.2656259027162
1290	6	362.564184047729
1290	7	379.08274860069014
1290	8	671.0431340128976
1290	9	913.8027632863935
1290	10	314.1120677629657
1291	1	286.54660054669023
1291	2	209.41143723535157
1291	3	274.9936461390762
1291	4	349.010819182992
1291	5	495.3518201324732
1291	6	311.5488571215303
1291	7	329.1795381717482
1291	8	603.1895979498029
1291	9	745.8651184075143
1291	10	229.09454858579798
1292	1	318.1560537576885
1292	2	243.459480266201
1292	3	317.4610651498215
1292	4	407.41813763258534
1292	5	531.2039586345236
1292	6	348.0948487697858
1292	7	362.5012708200129
1292	8	632.3691728758938
1292	9	856.4470149181525
1292	10	297.8169643793432
1293	3	132.2104998823088
1293	4	108.00841692945454
1293	5	189.97679298952283
1293	6	67.02941870189522
1293	7	140.31916767175113
1293	8	162.08982685199337
1293	9	157.8191428842154
1293	10	68.76936066703783
1294	1	398.5085718602396
1294	2	279.58090083788466
1294	3	365.763205139213
1294	4	526.3350007461831
1294	5	659.9110299612328
1294	6	361.3723370836195
1294	7	370.21522163401664
1294	8	699.5538867633436
1294	9	922.4855079722064
1294	10	380.62754173002816
1295	1	396.72178078115064
1295	2	316.9200749357815
1295	3	382.6362859105266
1295	4	594.3536037899603
1295	5	626.1699093064758
1295	6	397.99952537005794
1295	7	420.02116144586944
1295	8	734.8510873132802
1295	9	990.897512453127
1295	10	360.6600064673254
1296	1	344.5776068731455
1296	2	271.78782431345127
1296	3	335.4262551463958
1296	4	471.08856617773
1296	5	566.2656259027162
1296	6	362.564184047729
1296	7	379.08274860069014
1296	8	671.0431340128976
1296	9	913.8027632863935
1296	10	314.1120677629657
1297	1	261.3108537056693
1297	2	228.4605695863045
1297	3	340.5329986011077
1297	4	407.6480911612025
1297	5	550.8573209428855
1297	6	336.6412595026919
1297	7	338.8170636338615
1297	8	724.1696600924292
1297	9	1067.6918138847348
1297	10	246.93469610135003
1298	1	292.9203069166675
1298	2	262.508612617154
1298	3	383.000417611853
1298	4	466.0554096107959
1298	5	586.7094594449359
1298	6	373.1872511509474
1298	7	372.13879628212624
1298	8	753.3492350185202
1298	9	1178.2737103953732
1298	10	315.65711189489525
1299	1	94.0234540635228
1299	2	85.99519078414122
1299	3	196.74864927877536
1299	4	147.92307652099774
1299	5	203.235099010086
1299	6	65.8218668104088
1299	7	108.97289779289261
1299	8	221.1433900241717
1299	9	208.15315273272262
1299	10	71.11526213350405
1300	1	373.27282501921866
1300	2	298.6300331888376
1300	3	431.3025576012446
1300	4	584.9722727243936
1300	5	715.4165307716451
1300	6	386.46473946478113
1300	7	379.85274709612986
1300	8	820.53394890597
1300	9	1244.312203449427
1300	10	398.46768924558023
1301	1	371.4860339401297
1301	2	335.96920728673445
1301	3	448.1756383725581
1301	4	652.9908757681708
1301	5	681.6754101168881
1301	6	423.09192775121954
1301	7	429.65868690798266
1301	8	855.8311494559066
1301	9	1312.7242079303476
1301	10	378.50015398287746
1302	1	319.34186003212454
1302	2	290.8369566644042
1302	3	400.9656076084274
1302	4	529.7258381559406
1302	5	621.7711267131285
1302	6	387.6565864288906
1302	7	388.7202740628034
1302	8	792.0231961555239
1302	9	1235.6294587636141
1302	10	331.95221527851777
1303	1	261.3108537056693
1303	2	228.4605695863045
1303	3	340.5329986011077
1303	4	407.6480911612025
1303	5	550.8573209428855
1303	6	336.6412595026919
1303	7	338.8170636338615
1303	8	724.1696600924292
1303	9	1067.6918138847348
1303	10	246.93469610135003
1304	1	292.9203069166675
1304	2	262.508612617154
1304	3	383.000417611853
1304	4	466.0554096107959
1304	5	586.7094594449359
1304	6	373.1872511509474
1304	7	372.13879628212624
1304	8	753.3492350185202
1304	9	1178.2737103953732
1304	10	315.65711189489525
1305	1	94.0234540635228
1305	2	85.99519078414122
1305	3	196.74864927877536
1305	4	147.92307652099774
1305	5	203.235099010086
1305	6	65.8218668104088
1305	7	108.97289779289261
1305	8	221.1433900241717
1305	9	208.15315273272262
1305	10	71.11526213350405
1306	6	32.34086993412788
1307	1	373.27282501921866
1307	2	298.6300331888376
1307	3	431.3025576012446
1307	4	584.9722727243936
1307	5	715.4165307716451
1307	6	386.46473946478113
1307	7	379.85274709612986
1307	8	820.53394890597
1307	9	1244.312203449427
1307	10	398.46768924558023
1308	1	371.4860339401297
1308	2	335.96920728673445
1308	3	448.1756383725581
1308	4	652.9908757681708
1308	5	681.6754101168881
1308	6	423.09192775121954
1308	7	429.65868690798266
1308	8	855.8311494559066
1308	9	1312.7242079303476
1308	10	378.50015398287746
1309	1	319.34186003212454
1309	2	290.8369566644042
1309	3	400.9656076084274
1309	4	529.7258381559406
1309	5	621.7711267131285
1309	6	387.6565864288906
1309	7	388.7202740628034
1309	8	792.0231961555239
1309	9	1235.6294587636141
1309	10	331.95221527851777
1310	1	261.3108537056693
1310	2	228.4605695863045
1310	3	340.5329986011077
1310	4	407.6480911612025
1310	5	550.8573209428855
1310	6	336.6412595026919
1310	7	338.8170636338615
1310	8	724.1696600924292
1310	9	1067.6918138847348
1310	10	246.93469610135003
1311	1	292.9203069166675
1311	2	262.508612617154
1311	3	383.000417611853
1311	4	466.0554096107959
1311	5	586.7094594449359
1311	6	373.1872511509474
1311	7	372.13879628212624
1311	8	753.3492350185202
1311	9	1178.2737103953732
1311	10	315.65711189489525
1312	1	94.0234540635228
1312	2	85.99519078414122
1312	3	196.74864927877536
1312	4	147.92307652099774
1312	5	203.235099010086
1312	6	65.8218668104088
1312	7	108.97289779289261
1312	8	221.1433900241717
1312	9	208.15315273272262
1312	10	71.11526213350405
1313	1	60.51852561205881
1314	1	373.27282501921866
1314	2	298.6300331888376
1314	3	431.3025576012446
1314	4	584.9722727243936
1314	5	715.4165307716451
1314	6	386.46473946478113
1314	7	379.85274709612986
1314	8	820.53394890597
1314	9	1244.312203449427
1314	10	398.46768924558023
1315	1	371.4860339401297
1315	2	335.96920728673445
1315	3	448.1756383725581
1315	4	652.9908757681708
1315	5	681.6754101168881
1315	6	423.09192775121954
1315	7	429.65868690798266
1315	8	855.8311494559066
1315	9	1312.7242079303476
1315	10	378.50015398287746
1316	1	319.34186003212454
1316	2	290.8369566644042
1316	3	400.9656076084274
1316	4	529.7258381559406
1316	5	621.7711267131285
1316	6	387.6565864288906
1316	7	388.7202740628034
1316	8	792.0231961555239
1316	9	1235.6294587636141
1316	10	331.95221527851777
1317	1	261.3108537056693
1317	2	228.4605695863045
1317	3	340.5329986011077
1317	4	407.6480911612025
1317	5	550.8573209428855
1317	6	336.6412595026919
1317	7	338.8170636338615
1317	8	724.1696600924292
1317	9	1067.6918138847348
1317	10	246.93469610135003
1318	1	292.9203069166675
1318	2	262.508612617154
1318	3	383.000417611853
1318	4	466.0554096107959
1318	5	586.7094594449359
1318	6	373.1872511509474
1318	7	372.13879628212624
1318	8	753.3492350185202
1318	9	1178.2737103953732
1318	10	315.65711189489525
1319	1	94.0234540635228
1319	2	85.99519078414122
1319	3	196.74864927877536
1319	4	147.92307652099774
1319	5	203.235099010086
1319	6	65.8218668104088
1319	7	108.97289779289261
1319	8	221.1433900241717
1319	9	208.15315273272262
1319	10	71.11526213350405
1320	9	106.93368814387588
1321	1	386.11343867530945
1321	2	394.3983633687808
1321	3	439.16498084683815
1321	4	617.5195748103386
1321	5	729.3871442966565
1321	6	378.1395219877327
1321	7	360.03428934463886
1321	8	797.8722394375966
1321	9	1628.1417214079515
1321	10	389.86366427434865
1322	1	384.3266475962205
1322	2	431.7375374666776
1322	3	456.03806161815174
1322	4	685.5381778541159
1322	5	695.6460236418995
1322	6	414.7667102741711
1322	7	409.84022915649166
1322	8	833.1694399875332
1322	9	1696.5537258888721
1322	10	369.8961290116459
1323	1	320.26410967217845
1323	2	495.3845503529826
1323	3	335.67226439864413
1323	4	436.7771039142957
1323	5	554.2016885913874
1323	6	341.51442188164503
1323	7	346.5211122948541
1323	8	740.7338463941976
1323	9	1536.817704290398
1323	10	258.13246745911624
1324	1	262.2331033457232
1324	2	433.00816327488286
1324	3	275.2396553913245
1324	4	314.6993569195577
1324	5	483.2878828211444
1324	6	290.49909495544637
1324	7	296.61790186591224
1324	8	672.8803103311029
1324	9	1368.8800594115191
1324	10	173.1149482819485
1325	1	293.84255655672143
1325	2	467.0562063057323
1325	3	317.7070744020698
1325	4	373.10667536915105
1325	5	519.1400213231948
1325	6	327.04508660370186
1325	7	329.93963451417693
1325	8	702.0598852571939
1325	9	1479.4619559221574
1325	10	241.83736407549372
1326	6	6.0
1326	9	15.0
1327	4	20.0
1327	6	6.0
1327	9	15.0
1328	1	29.5
1328	4	20.0
1328	5	32.0
1328	6	6.0
1328	8	29.5
1328	9	15.0
1329	1	1036.990016874506
1329	2	927.9752939499891
1329	3	844.9323953897378
1329	4	1652.6355498742432
1329	5	1567.5080987403833
1329	6	903.4754153131946
1329	7	880.090842788482
1329	8	1688.1566774429232
1329	9	2251.1081745970055
1329	10	1262.7161808009769
1330	1	894.0073296466805
1330	2	798.7973512823331
1330	3	721.6436873062064
1330	4	1496.0569662220673
1330	5	1455.091544840432
1330	6	826.6315048110873
1330	7	862.2850989711435
1330	8	1552.1624716296765
1330	9	2096.896012251707
1330	10	904.266313060197
1331	1	784.1512628724245
1331	2	684.5073180584577
1331	3	643.02206649755
1331	4	1310.2708739119532
1331	5	1364.500572020827
1331	6	742.4529187245134
1331	7	779.7933306514126
1331	8	1441.862213655383
1331	9	1859.5893172238375
1331	10	718.9402471155192
1332	1	666.1192192138108
1332	2	653.2494061087331
1332	3	663.6910112798473
1332	4	1052.4057901537506
1332	5	1370.2283963705618
1332	6	728.6407703818898
1332	7	762.4855411014635
1332	8	1352.594946145424
1332	9	1780.7563231025365
1332	10	690.4797462468644
1333	1	134.48777392377636
1333	2	153.78716727687365
1333	3	279.72152770548377
1333	4	228.01445022608357
1333	5	386.05544472112916
1333	6	109.82402477113698
1333	7	172.92416581678071
1333	8	308.2023141778955
1333	9	287.5679189363185
1333	10	102.70687805861232
1334	1	694.6466768685611
1334	2	637.4571805346411
1334	3	693.8041394679019
1334	4	1107.614307951972
1334	5	1479.2583006479085
1334	6	708.7549995353484
1334	7	737.6109340246783
1334	8	1377.3329381216754
1334	9	1777.4257660076
1334	10	672.9817768300393
1335	1	600.9625985799423
1335	2	553.9216581173876
1335	3	646.4880426156069
1335	4	896.6674250246085
1335	5	1210.0255041998294
1335	6	649.6074850570869
1335	7	711.6073532309031
1335	8	1360.5910306561216
1335	9	1776.686585055777
1335	10	494.1617341128005
1336	1	548.8184246719372
1336	2	508.7894074950574
1336	3	599.2780118514761
1336	4	773.4023874123782
1336	5	1150.1212207960698
1336	6	614.1721437347579
1336	7	670.6689403857238
1336	8	1296.783077355739
1336	9	1699.591835889043
1336	10	447.6137954084408
1337	1	490.7874183454819
1337	2	446.41302041695764
1337	3	538.8454028441565
1337	4	651.3246404176401
1337	5	1079.2074150258268
1337	6	563.1568168085594
1337	7	620.7657299567819
1337	8	1228.9295412926442
1337	9	1531.6541910101641
1337	10	362.59627623127307
1338	1	522.3968715564802
1338	2	480.4610634478071
1338	3	581.3128218549018
1338	4	709.7319588672335
1338	5	1115.0595535278771
1338	6	599.7028084568148
1338	7	654.0874626050465
1338	8	1258.1091162187352
1338	9	1642.2360875208024
1338	10	431.3186920248183
1339	1	134.48777392377636
1339	2	153.78716727687365
1339	3	279.72152770548377
1339	4	228.01445022608357
1339	5	386.05544472112916
1339	6	109.82402477113698
1339	7	172.92416581678071
1339	8	308.2023141778955
1339	9	287.5679189363185
1340	5	345.8155288680675
1340	6	76.34302789485606
1340	9	186.34845434747172
1341	1	602.7493896590313
1341	2	516.5824840194907
1341	3	629.6149618442935
1341	4	828.6488219808311
1341	5	1243.7666248545863
1341	6	612.9802967706485
1341	7	661.8014134190503
1341	8	1325.293830106185
1341	9	1708.2745805748564
1341	10	514.1292693755033
1342	1	683.7957248899866
1342	2	602.695738692147
1342	3	693.3845269188378
1342	4	1017.0669273943627
1342	5	1293.2500823588493
1342	6	683.1603619593052
1342	7	667.1125817009038
1342	8	1376.9938403904173
1342	9	1986.6917644299551
1342	10	655.6507655473242
1343	1	631.6515509819814
1343	2	557.5634880698168
1343	3	646.174496154707
1343	4	893.8018897821323
1343	5	1233.3457989550898
1343	6	647.7250206369762
1343	7	626.1741688557245
1343	8	1313.1858870900346
1343	9	1909.5970152632212
1343	10	609.1028268429645
1344	1	573.6205446555261
1344	2	495.1871009917171
1344	3	585.7418871473872
1344	4	771.7241427873943
1344	5	1162.4319931848468
1344	6	596.7096937107776
1344	7	576.2709584267825
1344	8	1245.33235102694
1344	9	1741.6593703843423
1344	10	524.0853076657968
1345	1	605.2299978665244
1345	2	529.2351440225666
1345	3	628.2093061581326
1345	4	830.1314612369877
1345	5	1198.2841316868971
1345	6	633.255685359033
1345	7	609.5926910750472
1345	8	1274.5119259530309
1345	9	1852.2412668949805
1345	10	592.807723459342
1346	1	134.48777392377636
1346	2	153.78716727687365
1346	3	279.72152770548377
1346	4	228.01445022608357
1346	5	386.05544472112916
1346	6	109.82402477113698
1346	7	172.92416581678071
1346	8	308.2023141778955
1346	9	287.5679189363185
1346	10	102.70687805861232
1347	1	762.2635918585597
1347	2	636.3626176475341
1347	3	627.205132492529
1347	4	875.2740907084283
1347	5	1341.1689415502992
1347	6	656.0327620077121
1347	7	610.3759429478519
1347	8	1457.3860701764909
1347	9	1855.9714971225017
1347	10	841.7841547461344
1348	1	825.9394155915204
1348	2	643.8175220998742
1348	3	643.9954740631993
1348	4	975.6542365742885
1348	5	1404.1707184369573
1348	6	663.2739503648668
1348	7	627.8212347039033
1348	8	1440.5943189984005
1348	9	1917.3703939868633
1348	10	839.7380342970448
1349	1	824.1526245124314
1349	2	681.156696197771
1349	3	660.8685548345127
1349	4	1043.6728396180658
1349	5	1370.4295977822003
1349	6	699.901138651305
1349	7	677.6271745157561
1349	8	1475.891519548337
1349	9	1985.7823984677839
1349	10	819.770499034342
1350	1	772.0084506044263
1350	2	636.0244455754408
1350	3	613.6585240703819
1350	4	920.4078020058355
1350	5	1310.5253143784407
1350	6	664.4657973289761
1350	7	636.6887616705769
1350	8	1412.0835662479544
1350	9	1908.68764930105
1350	10	773.2225603299823
1351	1	222.3873524273622
1351	2	453.2730515441242
1351	3	420.3903166089002
1351	4	392.6129404770544
1351	5	1030.60752581658
1351	6	465.5937110640944
1351	7	520.3300971942235
1351	8	1187.446847056903
1351	9	1381.7374079326369
1351	10	276.9751692774207
1352	2	30.0
1352	8	29.5
1352	9	15.0
1352	10	25.0
1353	1	787.688646895668
1353	2	353.6518237909295
1353	3	276.0549548569498
1353	4	857.4076896616425
1353	5	405.7751864699293
1353	6	302.9133895352211
1353	7	244.02952722623195
1353	8	392.75424605698595
1353	9	891.6613960658887
1353	10	750.6434321143978
1354	1	816.021497905524
1354	2	376.0397266975516
1354	3	266.419771570283
1354	4	825.571900197745
1354	5	471.69737431109604
1354	6	274.2810642829745
1354	7	214.93585918927783
1354	8	412.3498954698001
1354	9	804.7559161499397
1354	10	674.7834273512129
1355	5	35.47347660734229
1355	8	120.11919045821386
1355	9	46.329377472040804
1356	1	868.0411649982191
1356	2	389.7732443626131
1356	3	324.3570948463414
1356	4	976.3245527752404
1356	5	534.4822577966385
1356	6	316.1908778490548
1356	7	251.74347804023563
1356	8	459.9389599444357
1356	9	957.6998891199426
1356	10	833.4540094650828
1357	1	545.8217763483693
1357	2	329.75898929941303
1357	3	330.54867500531503
1357	4	800.548322553037
1357	5	323.9068087578511
1357	6	315.39935777009816
1357	7	329.96001578470555
1357	8	429.78362997968566
1357	9	873.8721715258145
1357	10	464.997881154811
1358	1	493.6776024403642
1358	2	284.62673867708287
1358	3	283.3386442411842
1358	4	677.2832849408067
1358	5	264.0025253540915
1358	6	279.96401644776927
1358	7	289.0216029395263
1358	8	365.97567667930304
1358	9	796.777422359081
1358	10	418.4499424504513
1359	1	435.6465961139089
1359	2	222.25035159898312
1359	3	222.90603523386457
1359	4	555.2055379460687
1359	5	193.0887195838485
1359	6	228.9486895215706
1359	7	239.11839251058439
1359	8	298.1221406162083
1359	9	628.8397774802017
1359	10	333.4324232732836
1360	1	467.25604932490717
1360	2	256.29839462983256
1360	3	265.3734542446099
1360	4	613.612856395662
1360	5	228.94085808589887
1360	6	265.4946811698261
1360	7	272.4401251588491
1360	8	327.30171554229923
1360	9	739.42167399084
1360	10	402.1548390668288
1361	1	83.01397633642722
1361	2	65.21727696578347
1361	3	63.87212424754555
1361	4	101.94376344317878
1361	5	75.71339246040405
1361	6	52.69640474596002
1361	7	84.28905466132863
1361	8	120.11919045821386
1361	9	147.54884206088755
1361	10	68.98252213801312
1362	6	19.215407869679098
1363	1	547.6085674274583
1363	2	292.4198152015162
1363	3	313.67559423400144
1363	4	732.5297195092597
1363	5	357.64792941260805
1363	6	278.7721694836598
1363	7	280.15407597285275
1363	8	394.48642942974897
1363	9	805.460167044894
1363	10	484.9654164175138
1364	1	545.8217763483693
1364	2	329.75898929941303
1364	3	330.54867500531503
1364	4	800.548322553037
1364	5	323.9068087578511
1364	6	315.39935777009816
1364	7	329.96001578470555
1364	8	429.78362997968566
1364	9	873.8721715258145
1364	10	464.997881154811
1365	1	493.6776024403642
1365	2	284.62673867708287
1365	3	283.3386442411842
1365	4	677.2832849408067
1365	5	264.0025253540915
1365	6	279.96401644776927
1365	7	289.0216029395263
1365	8	365.97567667930304
1365	9	796.777422359081
1365	10	418.4499424504513
1366	1	435.6465961139089
1366	2	222.25035159898312
1366	3	222.90603523386457
1366	4	555.2055379460687
1366	5	193.0887195838485
1366	6	228.9486895215706
1366	7	239.11839251058439
1366	8	298.1221406162083
1366	9	628.8397774802017
1366	10	333.4324232732836
1367	1	467.25604932490717
1367	2	256.29839462983256
1367	3	265.3734542446099
1367	4	613.612856395662
1367	5	228.94085808589887
1367	6	265.4946811698261
1367	7	272.4401251588491
1367	8	327.30171554229923
1367	9	739.42167399084
1367	10	402.1548390668288
1368	1	83.01397633642722
1368	2	65.21727696578347
1368	3	63.87212424754555
1368	4	101.94376344317878
1368	5	75.71339246040405
1368	6	52.69640474596002
1368	7	84.28905466132863
1368	8	120.11919045821386
1368	9	147.54884206088755
1368	10	68.98252213801312
1369	5	35.47347660734229
1369	6	19.215407869679098
1370	1	547.6085674274583
1370	2	292.4198152015162
1370	3	313.67559423400144
1370	4	732.5297195092597
1370	5	357.64792941260805
1370	6	278.7721694836598
1370	7	280.15407597285275
1370	8	394.48642942974897
1370	9	805.460167044894
1370	10	484.9654164175138
1371	1	545.8217763483693
1371	2	329.75898929941303
1371	3	330.54867500531503
1371	4	800.548322553037
1371	5	323.9068087578511
1371	6	315.39935777009816
1371	7	329.96001578470555
1371	8	429.78362997968566
1371	9	873.8721715258145
1371	10	464.997881154811
1372	1	493.6776024403642
1372	2	284.62673867708287
1372	3	283.3386442411842
1372	4	677.2832849408067
1372	5	264.0025253540915
1372	6	279.96401644776927
1372	7	289.0216029395263
1372	8	365.97567667930304
1372	9	796.777422359081
1372	10	418.4499424504513
1373	1	435.6465961139089
1373	2	222.25035159898312
1373	3	222.90603523386457
1373	4	555.2055379460687
1373	5	193.0887195838485
1373	6	228.9486895215706
1373	7	239.11839251058439
1373	8	298.1221406162083
1373	9	628.8397774802017
1373	10	333.4324232732836
1374	1	467.25604932490717
1374	2	256.29839462983256
1374	3	265.3734542446099
1374	4	613.612856395662
1374	5	228.94085808589887
1374	6	265.4946811698261
1374	7	272.4401251588491
1374	8	327.30171554229923
1374	9	739.42167399084
1374	10	402.1548390668288
1375	1	83.01397633642722
1375	2	65.21727696578347
1375	3	63.87212424754555
1375	4	101.94376344317878
1375	5	75.71339246040405
1375	6	52.69640474596002
1375	7	84.28905466132863
1375	8	120.11919045821386
1375	9	147.54884206088755
1375	10	68.98252213801312
1376	9	46.329377472040804
1377	1	547.6085674274583
1377	2	292.4198152015162
1377	3	313.67559423400144
1377	4	732.5297195092597
1377	5	357.64792941260805
1377	6	278.7721694836598
1377	7	280.15407597285275
1377	8	394.48642942974897
1377	9	805.460167044894
1377	10	484.9654164175138
1378	1	545.8217763483693
1378	2	329.75898929941303
1378	3	330.54867500531503
1378	4	800.548322553037
1378	5	323.9068087578511
1378	6	315.39935777009816
1378	7	329.96001578470555
1378	8	429.78362997968566
1378	9	873.8721715258145
1378	10	464.997881154811
1379	1	415.86791614531325
1379	2	234.91858117100793
1379	3	256.47332524940094
1379	4	551.588381567299
1379	5	313.1317019868521
1379	6	267.04839179307214
1379	7	287.1050077564918
1379	8	391.28565154385416
1379	9	741.3285022045694
1379	10	282.2243104801877
1380	1	357.836909818858
1380	2	172.54219409290823
1380	3	196.04071624208126
1380	4	429.5106345725611
1380	5	242.21789621660906
1380	6	216.03306486687347
1380	7	237.20179732754985
1380	8	323.4321154807594
1380	9	573.3908573256901
1380	10	197.20679130301994
1381	1	389.44636302985623
1381	2	206.59023712375767
1381	3	238.5081352528266
1381	4	487.9179530221544
1381	5	278.07003471865943
1381	6	252.57905651512894
1381	7	270.52352997581454
1381	8	352.61169040685036
1381	9	683.9727538363284
1381	10	265.92920709656516
1382	1	80.42525793918732
1382	2	76.24216818974757
1382	3	108.9069893064261
1382	4	110.32408137289208
1382	5	113.5805877436532
1382	6	61.091976224988706
1382	7	96.82895536316535
1382	8	98.8587847180528
1382	9	131.07102447221155
1383	1	46.920329487723315
1383	2	56.91742374043386
1383	6	27.610979348707783
1384	1	469.79888113240736
1384	2	242.71165769544132
1384	3	286.81027524221815
1384	4	606.8348161357521
1384	5	406.7771060453686
1384	6	265.8565448289627
1384	7	278.2374807898183
1384	8	419.7964042943001
1384	9	750.0112468903824
1384	10	348.73978444725014
1385	1	468.0120900533184
1385	2	280.05083179333815
1385	3	303.68335601353175
1385	4	674.8534191795295
1385	5	373.03598539061164
1385	6	302.48373311540104
1385	7	328.0434206016711
1385	8	455.0936048442368
1385	9	818.423251371303
1385	10	328.7722491845474
1386	1	415.86791614531325
1386	2	234.91858117100793
1386	3	256.47332524940094
1386	4	551.588381567299
1386	5	313.1317019868521
1386	6	267.04839179307214
1386	7	287.1050077564918
1386	8	391.28565154385416
1386	9	741.3285022045694
1386	10	282.2243104801877
1387	1	357.836909818858
1387	2	172.54219409290823
1387	3	196.04071624208126
1387	4	429.5106345725611
1387	5	242.21789621660906
1387	6	216.03306486687347
1387	7	237.20179732754985
1387	8	323.4321154807594
1387	9	573.3908573256901
1387	10	197.20679130301994
1388	1	389.44636302985623
1388	2	206.59023712375767
1388	3	238.5081352528266
1388	4	487.9179530221544
1388	5	278.07003471865943
1388	6	252.57905651512894
1388	7	270.52352997581454
1388	8	352.61169040685036
1388	9	683.9727538363284
1388	10	265.92920709656516
1389	1	80.42525793918732
1389	2	76.24216818974757
1389	3	108.9069893064261
1389	4	110.32408137289208
1389	5	113.5805877436532
1389	6	61.091976224988706
1389	7	96.82895536316535
1389	8	98.8587847180528
1389	9	131.07102447221155
1389	10	59.56381080463191
1390	1	469.79888113240736
1390	2	242.71165769544132
1390	3	286.81027524221815
1390	4	606.8348161357521
1390	5	406.7771060453686
1390	6	265.8565448289627
1390	7	278.2374807898183
1390	8	419.7964042943001
1390	9	750.0112468903824
1390	10	348.73978444725014
1391	1	468.0120900533184
1391	2	280.05083179333815
1391	3	303.68335601353175
1391	4	674.8534191795295
1391	5	373.03598539061164
1391	6	302.48373311540104
1391	7	328.0434206016711
1391	8	455.0936048442368
1391	9	818.423251371303
1391	10	328.7722491845474
1392	1	415.86791614531325
1392	2	234.91858117100793
1392	3	256.47332524940094
1392	4	551.588381567299
1392	5	313.1317019868521
1392	6	267.04839179307214
1392	7	287.1050077564918
1392	8	391.28565154385416
1392	9	741.3285022045694
1392	10	282.2243104801877
1393	1	357.836909818858
1393	2	172.54219409290823
1393	3	196.04071624208126
1393	4	429.5106345725611
1393	5	242.21789621660906
1393	6	216.03306486687347
1393	7	237.20179732754985
1393	8	323.4321154807594
1393	9	573.3908573256901
1393	10	197.20679130301994
1394	1	389.44636302985623
1394	2	206.59023712375767
1394	3	238.5081352528266
1394	4	487.9179530221544
1394	5	278.07003471865943
1394	6	252.57905651512894
1394	7	270.52352997581454
1394	8	352.61169040685036
1394	9	683.9727538363284
1394	10	265.92920709656516
1395	1	80.42525793918732
1395	2	76.24216818974757
1395	3	108.9069893064261
1395	4	110.32408137289208
1395	5	113.5805877436532
1395	6	61.091976224988706
1395	7	96.82895536316535
1395	8	98.8587847180528
1395	9	131.07102447221155
1395	10	59.56381080463191
1396	4	71.664058733384
1396	6	27.610979348707783
1397	1	469.79888113240736
1397	2	242.71165769544132
1397	3	286.81027524221815
1397	4	606.8348161357521
1397	5	406.7771060453686
1397	6	265.8565448289627
1397	7	278.2374807898183
1397	8	419.7964042943001
1397	9	750.0112468903824
1397	10	348.73978444725014
1398	1	468.0120900533184
1398	2	280.05083179333815
1398	3	303.68335601353175
1398	4	674.8534191795295
1398	5	373.03598539061164
1398	6	302.48373311540104
1398	7	328.0434206016711
1398	8	455.0936048442368
1398	9	818.423251371303
1398	10	328.7722491845474
1399	1	415.86791614531325
1399	2	234.91858117100793
1399	3	256.47332524940094
1399	4	551.588381567299
1399	5	313.1317019868521
1399	6	267.04839179307214
1399	7	287.1050077564918
1399	8	391.28565154385416
1399	9	741.3285022045694
1399	10	282.2243104801877
1400	1	357.836909818858
1400	2	172.54219409290823
1400	3	196.04071624208126
1400	4	429.5106345725611
1400	5	242.21789621660906
1400	6	216.03306486687347
1400	7	237.20179732754985
1400	8	323.4321154807594
1400	9	573.3908573256901
1400	10	197.20679130301994
1401	1	389.44636302985623
1401	2	206.59023712375767
1401	3	238.5081352528266
1401	4	487.9179530221544
1401	5	278.07003471865943
1401	6	252.57905651512894
1401	7	270.52352997581454
1401	8	352.61169040685036
1401	9	683.9727538363284
1401	10	265.92920709656516
1402	1	80.42525793918732
1402	3	108.9069893064261
1402	4	110.32408137289208
1402	5	113.5805877436532
1402	6	61.091976224988706
1402	7	96.82895536316535
1402	8	98.8587847180528
1402	9	131.07102447221155
1402	10	59.56381080463191
1403	1	469.79888113240736
1403	2	242.71165769544132
1403	3	286.81027524221815
1403	4	606.8348161357521
1403	5	406.7771060453686
1403	6	265.8565448289627
1403	7	278.2374807898183
1403	8	419.7964042943001
1403	9	750.0112468903824
1403	10	348.73978444725014
1404	1	468.0120900533184
1404	2	280.05083179333815
1404	3	303.68335601353175
1404	4	674.8534191795295
1404	5	373.03598539061164
1404	6	302.48373311540104
1404	7	328.0434206016711
1404	8	455.0936048442368
1404	9	818.423251371303
1404	10	328.7722491845474
1405	1	415.86791614531325
1405	2	234.91858117100793
1405	3	256.47332524940094
1405	4	551.588381567299
1405	5	313.1317019868521
1405	6	267.04839179307214
1405	7	287.1050077564918
1405	8	391.28565154385416
1405	9	741.3285022045694
1405	10	282.2243104801877
1406	1	357.836909818858
1406	2	172.54219409290823
1406	3	196.04071624208126
1406	4	429.5106345725611
1406	5	242.21789621660906
1406	6	216.03306486687347
1406	7	237.20179732754985
1406	8	323.4321154807594
1406	9	573.3908573256901
1406	10	197.20679130301994
1407	1	389.44636302985623
1407	2	206.59023712375767
1407	3	238.5081352528266
1407	4	487.9179530221544
1407	5	278.07003471865943
1407	6	252.57905651512894
1407	7	270.52352997581454
1407	8	352.61169040685036
1407	9	683.9727538363284
1407	10	265.92920709656516
1408	1	370.0630959883997
1408	2	259.08120303018245
1408	3	294.12385644582884
1408	4	430.47606709046386
1408	5	563.323949620508
1408	6	287.40321872589914
1408	7	313.8571805836092
1408	8	575.976286608065
1408	9	708.8409311254196
1408	10	204.92367521778738
1409	6	6.0
1409	8	29.5
1409	9	15.0
1409	10	25.0
1410	9	15.0
1411	1	368.1517980940007
1411	2	265.0216441708106
1411	3	321.72422972907
1411	4	525.982285099506
1411	5	532.4634290475339
1411	6	330.5048792560889
1411	7	359.53232640124054
1411	8	595.0545983322545
1411	9	853.1021594096096
1411	10	297.07878336459476
1412	1	310.12079176754537
1412	2	202.6452570927109
1412	3	261.2916207217503
1412	4	403.9045381047681
1412	5	461.54962327729083
1412	6	279.4895523298903
1412	7	309.62911597229856
1412	8	527.2010622691598
1412	9	685.1645145307302
1412	10	212.061264187427
1413	1	341.7302449785436
1413	2	236.69330012356033
1413	3	303.7590397324956
1413	4	462.31185655436144
1413	5	497.4017617793412
1413	6	316.0355439781457
1413	7	342.9508486205633
1413	8	556.3806371952508
1413	9	795.7464110413686
1413	10	280.78367998097224
1414	1	77.5105130809103
1414	2	59.226771328877994
1414	3	102.27436384876661
1414	5	152.73653157184174
1414	6	57.250030863221944
1414	7	115.8894252834853
1414	8	154.9153222209344
1414	9	154.94589273249076
1414	10	58.825376401040444
1415	3	33.21137094251082
1415	6	23.769033986941025
1415	9	53.72642814364403
1416	1	422.08276308109475
1416	2	272.814720695244
1416	3	352.0611797218872
1416	4	581.2287196679592
1416	5	626.1088331060504
1416	6	329.3130322919794
1416	7	350.664799434567
1416	8	623.5653510827005
1416	9	861.7849040954225
1416	10	363.5942573316572
1417	1	420.2959720020058
1417	2	310.1538947931408
1417	3	368.9342604932008
1417	4	649.2473227117364
1417	5	592.3677124512934
1417	6	365.9402205784179
1417	7	400.4707392464198
1417	8	658.8625516326372
1417	9	930.196908576343
1417	10	343.62672206895445
1418	1	368.1517980940007
1418	2	265.0216441708106
1418	3	321.72422972907
1418	4	525.982285099506
1418	5	532.4634290475339
1418	6	330.5048792560889
1418	7	359.53232640124054
1418	8	595.0545983322545
1418	9	853.1021594096096
1418	10	297.07878336459476
1419	1	310.12079176754537
1419	2	202.6452570927109
1419	3	261.2916207217503
1419	4	403.9045381047681
1419	5	461.54962327729083
1419	6	279.4895523298903
1419	7	309.62911597229856
1419	8	527.2010622691598
1419	9	685.1645145307302
1419	10	212.061264187427
1420	1	341.7302449785436
1420	2	236.69330012356033
1420	3	303.7590397324956
1420	4	462.31185655436144
1420	5	497.4017617793412
1420	6	316.0355439781457
1420	7	342.9508486205633
1420	8	556.3806371952508
1420	9	795.7464110413686
1420	10	280.78367998097224
1421	1	77.5105130809103
1421	2	59.226771328877994
1421	3	102.27436384876661
1421	4	87.33528725275796
1421	5	152.73653157184174
1421	6	57.250030863221944
1421	7	115.8894252834853
1421	8	154.9153222209344
1421	9	154.94589273249076
1421	10	58.825376401040444
1422	1	422.08276308109475
1422	2	272.814720695244
1422	3	352.0611797218872
1422	4	581.2287196679592
1422	5	626.1088331060504
1422	6	329.3130322919794
1422	7	350.664799434567
1422	8	623.5653510827005
1422	9	861.7849040954225
1422	10	363.5942573316572
1423	1	420.2959720020058
1423	2	310.1538947931408
1423	3	368.9342604932008
1423	4	649.2473227117364
1423	5	592.3677124512934
1423	6	365.9402205784179
1423	7	400.4707392464198
1423	8	658.8625516326372
1423	9	930.196908576343
1423	10	343.62672206895445
1424	1	368.1517980940007
1424	2	265.0216441708106
1424	3	321.72422972907
1424	4	525.982285099506
1424	5	532.4634290475339
1424	6	330.5048792560889
1424	7	359.53232640124054
1424	8	595.0545983322545
1424	9	853.1021594096096
1424	10	297.07878336459476
1425	1	310.12079176754537
1425	2	202.6452570927109
1425	3	261.2916207217503
1425	4	403.9045381047681
1425	5	461.54962327729083
1425	6	279.4895523298903
1425	7	309.62911597229856
1425	8	527.2010622691598
1425	9	685.1645145307302
1425	10	212.061264187427
1426	1	341.7302449785436
1426	2	236.69330012356033
1426	3	303.7590397324956
1426	4	462.31185655436144
1426	5	497.4017617793412
1426	6	316.0355439781457
1426	7	342.9508486205633
1426	8	556.3806371952508
1426	9	795.7464110413686
1426	10	280.78367998097224
1427	2	59.226771328877994
1427	3	102.27436384876661
1427	4	87.33528725275796
1427	6	57.250030863221944
1427	8	154.9153222209344
1427	9	154.94589273249076
1427	10	58.825376401040444
1428	1	44.00558462944631
1428	2	39.90202687956428
1428	4	48.6752646132499
1428	9	53.72642814364403
1428	10	22.898314479285617
1429	1	422.08276308109475
1429	2	272.814720695244
1429	3	352.0611797218872
1429	4	581.2287196679592
1429	5	626.1088331060504
1429	6	329.3130322919794
1429	7	350.664799434567
1429	8	623.5653510827005
1429	9	861.7849040954225
1429	10	363.5942573316572
1430	1	420.2959720020058
1430	2	310.1538947931408
1430	3	368.9342604932008
1430	4	649.2473227117364
1430	5	592.3677124512934
1430	6	365.9402205784179
1430	7	400.4707392464198
1430	8	658.8625516326372
1430	9	930.196908576343
1430	10	343.62672206895445
1431	1	368.1517980940007
1431	2	265.0216441708106
1431	3	321.72422972907
1431	4	525.982285099506
1431	5	532.4634290475339
1431	6	330.5048792560889
1431	7	359.53232640124054
1431	8	595.0545983322545
1431	9	853.1021594096096
1431	10	297.07878336459476
1432	1	310.12079176754537
1432	2	202.6452570927109
1432	3	261.2916207217503
1432	4	403.9045381047681
1432	5	461.54962327729083
1432	6	279.4895523298903
1432	7	309.62911597229856
1432	8	527.2010622691598
1432	9	685.1645145307302
1432	10	212.061264187427
1433	1	341.7302449785436
1433	2	236.69330012356033
1433	3	303.7590397324956
1433	4	462.31185655436144
1433	5	497.4017617793412
1433	6	316.0355439781457
1433	7	342.9508486205633
1433	8	556.3806371952508
1433	9	795.7464110413686
1433	10	280.78367998097224
1434	1	29.5
1434	3	34.0
1434	4	20.0
1434	5	32.0
1434	6	6.0
1434	7	32.0
1434	8	29.5
1434	9	15.0
1434	10	25.0
1435	4	20.0
1436	3	34.0
1436	4	20.0
1436	6	6.0
1436	7	32.0
1436	9	15.0
1436	10	25.0
1437	1	553.811256932365
1437	2	394.2124440897148
1437	3	371.09893386302804
1437	4	815.7147127198925
1437	5	543.3628257602787
1437	6	397.35799028364863
1437	7	360.3517984563072
1437	8	752.2693310241698
1437	9	929.2604505053876
1437	10	583.5524925971602
1438	1	344.4634158116483
1438	2	278.5525226046542
1438	3	302.6662361246321
1438	4	455.2484601427882
1438	5	427.2283853934577
1438	6	326.01202637547965
1438	7	366.5464199355978
1438	8	498.9385185047359
1438	9	775.9168087447215
1438	10	355.67030563126303
1439	1	286.43240948519303
1439	2	216.17613552655445
1439	3	242.2336271173125
1439	4	333.17071314805014
1439	5	356.3145796232147
1439	6	274.996699449281
1439	7	316.6432095066559
1439	8	431.0849824416411
1439	9	607.9791638658422
1439	10	270.6527864540953
1440	1	318.0418626961913
1440	2	250.2241785574039
1440	3	284.7010461280578
1440	4	391.57803159764353
1440	5	392.16671812526505
1440	6	311.5426910975365
1440	7	349.9649421549206
1440	8	460.26455736773204
1440	9	718.5610603764806
1440	10	339.3752022476405
1441	1	89.61051600003236
1441	2	96.25018800267046
1441	3	147.34773766781115
1441	4	101.04070568256131
1441	5	143.81276069861877
1441	6	59.501272454820395
1441	7	102.0116015539922
1441	8	133.51827694081263
1441	9	152.6942743811318
1441	10	54.5658122372685
1442	6	26.020275578539476
1442	8	133.51827694081263
1442	9	51.47480979228505
1443	1	398.3943807987424
1443	2	286.34559912908753
1443	3	333.0031861174494
1443	4	510.4948947112413
1443	5	520.8737894519743
1443	6	324.8201794113702
1443	7	357.6788929689243
1443	8	527.4492712551817
1443	9	784.5995534305345
1443	10	422.1857795983255
1444	1	396.60758971965345
1444	2	323.68477322698436
1444	3	349.8762668887629
1444	4	578.5134977550185
1444	5	487.1326687972173
1444	6	361.4473676978086
1444	7	407.4848327807771
1444	8	562.7464718051185
1444	9	853.011557911455
1444	10	402.2182443356227
1445	1	344.4634158116483
1445	2	278.5525226046542
1445	3	302.6662361246321
1445	4	455.2484601427882
1445	5	427.2283853934577
1445	6	326.01202637547965
1445	7	366.5464199355978
1445	8	498.9385185047359
1445	9	775.9168087447215
1445	10	355.67030563126303
1446	1	286.43240948519303
1446	2	216.17613552655445
1446	3	242.2336271173125
1446	4	333.17071314805014
1446	5	356.3145796232147
1446	6	274.996699449281
1446	7	316.6432095066559
1446	8	431.0849824416411
1446	9	607.9791638658422
1446	10	270.6527864540953
1447	1	318.0418626961913
1447	2	250.2241785574039
1447	3	284.7010461280578
1447	4	391.57803159764353
1447	5	392.16671812526505
1447	6	311.5426910975365
1447	7	349.9649421549206
1447	8	460.26455736773204
1447	9	718.5610603764806
1447	10	339.3752022476405
1448	2	96.25018800267046
1448	3	147.34773766781115
1448	4	101.04070568256131
1448	5	143.81276069861877
1448	6	59.501272454820395
1448	7	102.0116015539922
1448	8	133.51827694081263
1448	9	152.6942743811318
1448	10	54.5658122372685
1449	10	422.1857795983255
1450	1	396.60758971965345
1450	2	323.68477322698436
1450	3	349.8762668887629
1450	4	578.5134977550185
1450	5	487.1326687972173
1450	6	361.4473676978086
1450	7	407.4848327807771
1450	8	562.7464718051185
1450	9	853.011557911455
1450	10	402.2182443356227
1451	1	344.4634158116483
1451	2	278.5525226046542
1451	3	302.6662361246321
1451	4	455.2484601427882
1451	5	427.2283853934577
1451	6	326.01202637547965
1451	7	366.5464199355978
1451	8	498.9385185047359
1451	9	775.9168087447215
1451	10	355.67030563126303
1452	1	286.43240948519303
1452	2	216.17613552655445
1452	3	242.2336271173125
1452	4	333.17071314805014
1452	5	356.3145796232147
1452	6	274.996699449281
1452	7	316.6432095066559
1452	8	431.0849824416411
1452	9	607.9791638658422
1452	10	270.6527864540953
1453	1	318.0418626961913
1453	2	250.2241785574039
1453	3	284.7010461280578
1453	4	391.57803159764353
1453	5	392.16671812526505
1453	6	311.5426910975365
1453	7	349.9649421549206
1453	8	460.26455736773204
1453	9	718.5610603764806
1453	10	339.3752022476405
1454	2	96.25018800267046
1454	3	147.34773766781115
1454	4	101.04070568256131
1454	5	143.81276069861877
1454	6	59.501272454820395
1454	7	102.0116015539922
1454	8	133.51827694081263
1454	9	152.6942743811318
1454	10	54.5658122372685
1455	1	56.105587548568366
1455	6	26.020275578539476
1455	9	51.47480979228505
1456	1	398.3943807987424
1456	2	286.34559912908753
1456	3	333.0031861174494
1456	4	510.4948947112413
1456	5	520.8737894519743
1456	6	324.8201794113702
1456	7	357.6788929689243
1456	8	527.4492712551817
1456	9	784.5995534305345
1456	10	422.1857795983255
1457	1	396.60758971965345
1457	2	323.68477322698436
1457	3	349.8762668887629
1457	4	578.5134977550185
1457	5	487.1326687972173
1457	6	361.4473676978086
1457	7	407.4848327807771
1457	8	562.7464718051185
1457	9	853.011557911455
1457	10	402.2182443356227
1458	1	344.4634158116483
1458	2	278.5525226046542
1458	3	302.6662361246321
1458	4	455.2484601427882
1458	5	427.2283853934577
1458	6	326.01202637547965
1458	7	366.5464199355978
1458	8	498.9385185047359
1458	9	775.9168087447215
1458	10	355.67030563126303
1459	1	286.43240948519303
1459	2	216.17613552655445
1459	3	242.2336271173125
1459	4	333.17071314805014
1459	5	356.3145796232147
1459	6	274.996699449281
1459	7	316.6432095066559
1459	8	431.0849824416411
1459	9	607.9791638658422
1459	10	270.6527864540953
1460	1	318.0418626961913
1460	2	250.2241785574039
1460	3	284.7010461280578
1460	4	391.57803159764353
1460	5	392.16671812526505
1460	6	311.5426910975365
1460	7	349.9649421549206
1460	8	460.26455736773204
1460	9	718.5610603764806
1460	10	339.3752022476405
1461	1	346.3747137060474
1461	2	272.612081464026
1461	3	275.065862841391
1461	4	359.7422421337459
1461	5	458.08890596643175
1461	6	282.9103658452899
1461	7	320.8712741179665
1461	8	479.8602067805462
1461	9	631.6555804605316
1461	10	263.51519748445565
1462	1	29.5
1462	2	30.0
1462	4	20.0
1462	5	32.0
1462	6	6.0
1462	9	15.0
1462	10	25.0
1463	6	6.0
1464	1	29.5
1464	3	34.0
1464	4	20.0
1464	6	6.0
1464	7	32.0
1464	9	15.0
1464	10	25.0
1465	1	344.4634158116483
1465	2	278.5525226046542
1465	3	302.6662361246321
1465	4	455.2484601427882
1465	5	427.2283853934577
1465	6	326.01202637547965
1465	7	366.5464199355978
1465	8	498.9385185047359
1465	9	775.9168087447215
1465	10	355.67030563126303
1466	1	255.520507971418
1466	2	167.4614651195753
1466	3	230.05848032230733
1466	4	306.9191879278684
1466	5	412.913803644483
1466	6	262.2416678971164
1466	7	305.7269773484893
1466	8	428.6811831468645
1466	9	641.2008651696981
1466	10	178.94982033667867
1467	1	287.12996118241625
1467	2	201.50950815042475
1467	3	272.5258993330527
1467	4	365.32650637746167
1467	5	448.76594214653335
1467	6	298.78765954537187
1467	7	339.048709996754
1467	8	457.86075807295543
1467	9	751.7827616803363
1467	10	247.6722361302239
1468	1	82.53847916597617
1468	2	71.59194896274917
1468	3	131.6623322471453
1468	4	101.7967948999865
1468	5	133.27698585392454
1468	6	60.16292342500097
1468	7	114.67616084401394
1468	8	126.10062918762107
1468	9	150.194702527171
1468	10	60.04748527855383
1469	1	367.4824792849674
1469	2	237.6309287221084
1469	3	320.8280393224442
1469	4	484.2433694910594
1469	5	577.4730134732425
1469	6	312.0651478592056
1469	7	346.76266081075767
1469	8	525.0454719604052
1469	9	817.8212547343903
1469	10	330.4828134809089
1470	1	365.6956882058784
1470	2	274.9701028200052
1470	3	337.7011200937578
1470	4	552.2619725348367
1470	5	543.7318928184856
1470	6	348.69233614564394
1470	7	396.56860062261046
1470	8	560.3426725103418
1470	9	886.2332592153108
1470	10	310.5152782182061
1471	1	313.55151429787327
1471	2	229.83785219767503
1471	3	290.491089329627
1471	4	428.99693492260633
1471	5	483.827609414726
1471	6	313.25699482331504
1471	7	355.63018777743116
1471	8	496.5347192099592
1471	9	809.1385100485774
1471	10	263.9673395138464
1472	1	255.520507971418
1472	2	167.4614651195753
1472	3	230.05848032230733
1472	4	306.9191879278684
1472	5	412.913803644483
1472	6	262.2416678971164
1472	7	305.7269773484893
1472	8	428.6811831468645
1472	9	641.2008651696981
1472	10	178.94982033667867
1473	1	287.12996118241625
1473	2	201.50950815042475
1473	3	272.5258993330527
1473	4	365.32650637746167
1473	5	448.76594214653335
1473	6	298.78765954537187
1473	7	339.048709996754
1473	8	457.86075807295543
1473	9	751.7827616803363
1473	10	247.6722361302239
1474	1	82.53847916597617
1474	2	71.59194896274917
1474	3	131.6623322471453
1474	4	101.7967948999865
1474	5	133.27698585392454
1474	6	60.16292342500097
1474	7	114.67616084401394
1474	8	126.10062918762107
1474	9	150.194702527171
1474	10	60.04748527855383
1475	3	62.5993393408895
1475	6	26.68192654872005
1475	9	48.97523793832426
1475	10	24.120423356798998
1476	1	367.4824792849674
1476	2	237.6309287221084
1476	3	320.8280393224442
1476	4	484.2433694910594
1476	5	577.4730134732425
1476	6	312.0651478592056
1476	7	346.76266081075767
1476	8	525.0454719604052
1476	9	817.8212547343903
1476	10	330.4828134809089
1477	1	365.6956882058784
1477	2	274.9701028200052
1477	3	337.7011200937578
1477	4	552.2619725348367
1477	5	543.7318928184856
1477	6	348.69233614564394
1477	7	396.56860062261046
1477	8	560.3426725103418
1477	9	886.2332592153108
1477	10	310.5152782182061
1478	1	313.55151429787327
1478	2	229.83785219767503
1478	3	290.491089329627
1478	4	428.99693492260633
1478	5	483.827609414726
1478	6	313.25699482331504
1478	7	355.63018777743116
1478	8	496.5347192099592
1478	9	809.1385100485774
1478	10	263.9673395138464
1479	1	255.520507971418
1479	2	167.4614651195753
1479	3	230.05848032230733
1479	4	306.9191879278684
1479	5	412.913803644483
1479	6	262.2416678971164
1479	7	305.7269773484893
1479	8	428.6811831468645
1479	9	641.2008651696981
1479	10	178.94982033667867
1480	1	287.12996118241625
1480	2	201.50950815042475
1480	3	272.5258993330527
1480	4	365.32650637746167
1480	5	448.76594214653335
1480	6	298.78765954537187
1480	7	339.048709996754
1480	8	457.86075807295543
1480	9	751.7827616803363
1480	10	247.6722361302239
1481	1	82.53847916597617
1481	2	71.59194896274917
1481	3	131.6623322471453
1481	4	101.7967948999865
1481	5	133.27698585392454
1481	6	60.16292342500097
1481	7	114.67616084401394
1481	8	126.10062918762107
1481	9	150.194702527171
1481	10	60.04748527855383
1482	1	49.033550714512174
1482	2	52.26720451343546
1482	4	63.13677226047842
1482	8	126.10062918762107
1482	9	48.97523793832426
1483	1	367.4824792849674
1483	2	237.6309287221084
1483	3	320.8280393224442
1483	4	484.2433694910594
1483	5	577.4730134732425
1483	6	312.0651478592056
1483	7	346.76266081075767
1483	8	525.0454719604052
1483	9	817.8212547343903
1483	10	330.4828134809089
1484	1	365.6956882058784
1484	2	274.9701028200052
1484	3	337.7011200937578
1484	4	552.2619725348367
1484	5	543.7318928184856
1484	6	348.69233614564394
1484	7	396.56860062261046
1484	8	560.3426725103418
1484	9	886.2332592153108
1484	10	310.5152782182061
1485	1	313.55151429787327
1485	2	229.83785219767503
1485	3	290.491089329627
1485	4	428.99693492260633
1485	5	483.827609414726
1485	6	313.25699482331504
1485	7	355.63018777743116
1485	8	496.5347192099592
1485	9	809.1385100485774
1485	10	263.9673395138464
1486	1	255.520507971418
1486	2	167.4614651195753
1486	3	230.05848032230733
1486	4	306.9191879278684
1486	5	412.913803644483
1486	6	262.2416678971164
1486	7	305.7269773484893
1486	8	428.6811831468645
1486	9	641.2008651696981
1486	10	178.94982033667867
1487	1	287.12996118241625
1487	2	201.50950815042475
1487	3	272.5258993330527
1487	4	365.32650637746167
1487	5	448.76594214653335
1487	6	298.78765954537187
1487	7	339.048709996754
1487	8	457.86075807295543
1487	9	751.7827616803363
1487	10	247.6722361302239
1488	1	82.53847916597617
1488	2	71.59194896274917
1488	3	131.6623322471453
1488	4	101.7967948999865
1488	5	133.27698585392454
1488	6	60.16292342500097
1488	7	114.67616084401394
1488	8	126.10062918762107
1488	9	150.194702527171
1488	10	60.04748527855383
1489	4	63.13677226047842
1489	6	26.68192654872005
1489	7	77.58413812332185
1489	9	48.97523793832426
1489	10	24.120423356798998
1490	1	367.4824792849674
1490	2	237.6309287221084
1490	3	320.8280393224442
1490	4	484.2433694910594
1490	5	577.4730134732425
1490	6	312.0651478592056
1490	7	346.76266081075767
1490	8	525.0454719604052
1490	9	817.8212547343903
1490	10	330.4828134809089
1491	1	365.6956882058784
1491	2	274.9701028200052
1491	3	337.7011200937578
1491	4	552.2619725348367
1491	5	543.7318928184856
1491	6	348.69233614564394
1491	7	396.56860062261046
1491	8	560.3426725103418
1491	9	886.2332592153108
1491	10	310.5152782182061
1492	1	313.55151429787327
1492	2	229.83785219767503
1492	3	290.491089329627
1492	4	428.99693492260633
1492	5	483.827609414726
1492	6	313.25699482331504
1492	7	355.63018777743116
1492	8	496.5347192099592
1492	9	809.1385100485774
1492	10	263.9673395138464
1493	1	255.520507971418
1493	2	167.4614651195753
1493	3	230.05848032230733
1493	4	306.9191879278684
1493	5	412.913803644483
1493	6	262.2416678971164
1493	7	305.7269773484893
1493	8	428.6811831468645
1493	9	641.2008651696981
1493	10	178.94982033667867
1494	1	287.12996118241625
1494	2	201.50950815042475
1494	3	272.5258993330527
1494	4	365.32650637746167
1494	5	448.76594214653335
1494	6	298.78765954537187
1494	7	339.048709996754
1494	8	457.86075807295543
1494	9	751.7827616803363
1494	10	247.6722361302239
1495	1	109.14892672180116
1495	2	74.96298868701365
1495	3	153.2636162340317
1495	4	106.13494019854541
1495	5	236.47224549200666
1495	6	57.84739972684963
1495	7	104.87460030089139
1495	8	155.55335722210526
1495	9	164.04272909633522
1495	10	68.8151088693114
1496	4	67.47491755903734
1496	9	62.823264507488474
1496	10	32.888046947556575
1497	1	375.6769402209112
1497	2	240.30572075472028
1497	3	330.4959842266786
1497	4	451.9721120476521
1497	5	639.767470171745
1497	6	322.0517983839669
1497	7	345.33286938860454
1497	8	587.25078791845
1497	9	809.4037337908459
1497	10	355.45171719223873
1498	1	373.89014914182223
1498	2	277.6448948526171
1498	3	347.36906499799215
1498	4	519.9907150914294
1498	5	606.026349516988
1498	6	358.6789866704053
1498	7	395.13880920045733
1498	8	622.5479884683866
1498	9	877.8157382717665
1498	10	335.48418192953596
1499	1	321.7459752338171
1499	2	232.51264423028692
1499	3	300.15903423386135
1499	4	396.725677479199
1499	5	546.1220661132285
1499	6	323.24364534807637
1499	7	354.20039635527803
1499	8	558.7400351680039
1499	9	800.7209891050329
1499	10	288.93624322517627
1500	1	263.7149689073618
1500	2	170.1362571521872
1500	3	239.72642522654172
1500	4	274.647930484461
1500	5	475.20826034298545
1500	6	272.2283184218777
1500	7	304.29718592633617
1500	8	490.8864991049093
1500	9	632.7833442261536
1500	10	203.91872404800853
1501	1	295.3244221183601
1501	2	204.18430018303664
1501	3	282.193844237287
1501	4	333.05524893405436
1501	5	511.0603988450358
1501	6	308.7743100701332
1501	7	337.61891857460085
1501	8	520.0660740310002
1501	9	743.365240736792
1501	10	272.64113984155375
1502	1	109.14892672180116
1502	2	74.96298868701365
1502	3	153.2636162340317
1502	4	106.13494019854541
1502	5	236.47224549200666
1502	6	57.84739972684963
1502	7	104.87460030089139
1502	8	155.55335722210526
1502	9	164.04272909633522
1502	10	68.8151088693114
1503	2	55.63824423769993
1503	4	67.47491755903734
1503	6	24.36640285056871
1503	9	62.823264507488474
1504	1	375.6769402209112
1504	2	240.30572075472028
1504	3	330.4959842266786
1504	4	451.9721120476521
1504	5	639.767470171745
1504	6	322.0517983839669
1504	7	345.33286938860454
1504	8	587.25078791845
1504	9	809.4037337908459
1504	10	355.45171719223873
1505	1	373.89014914182223
1505	2	277.6448948526171
1505	3	347.36906499799215
1505	4	519.9907150914294
1505	5	606.026349516988
1505	6	358.6789866704053
1505	7	395.13880920045733
1505	8	622.5479884683866
1505	9	877.8157382717665
1505	10	335.48418192953596
1506	1	321.7459752338171
1506	2	232.51264423028692
1506	3	300.15903423386135
1506	4	396.725677479199
1506	5	546.1220661132285
1506	6	323.24364534807637
1506	7	354.20039635527803
1506	8	558.7400351680039
1506	9	800.7209891050329
1506	10	288.93624322517627
1507	1	263.7149689073618
1507	2	170.1362571521872
1507	3	239.72642522654172
1507	4	274.647930484461
1507	5	475.20826034298545
1507	6	272.2283184218777
1507	7	304.29718592633617
1507	8	490.8864991049093
1507	9	632.7833442261536
1507	10	203.91872404800853
1508	1	295.3244221183601
1508	2	204.18430018303664
1508	3	282.193844237287
1508	4	333.05524893405436
1508	5	511.0603988450358
1508	6	308.7743100701332
1508	7	337.61891857460085
1508	8	520.0660740310002
1508	9	743.365240736792
1508	10	272.64113984155375
1509	1	109.14892672180116
1509	3	153.2636162340317
1509	4	106.13494019854541
1509	5	236.47224549200666
1509	6	57.84739972684963
1509	7	104.87460030089139
1509	8	155.55335722210526
1509	9	164.04272909633522
1509	10	68.8151088693114
1510	3	84.20062332777587
1510	4	67.47491755903734
1510	6	24.36640285056871
1510	9	62.823264507488474
1510	10	32.888046947556575
1511	1	375.6769402209112
1511	2	240.30572075472028
1511	3	330.4959842266786
1511	4	451.9721120476521
1511	5	639.767470171745
1511	6	322.0517983839669
1511	7	345.33286938860454
1511	8	587.25078791845
1511	9	809.4037337908459
1511	10	355.45171719223873
1512	1	373.89014914182223
1512	2	277.6448948526171
1512	3	347.36906499799215
1512	4	519.9907150914294
1512	5	606.026349516988
1512	6	358.6789866704053
1512	7	395.13880920045733
1512	8	622.5479884683866
1512	9	877.8157382717665
1512	10	335.48418192953596
1513	1	321.7459752338171
1513	2	232.51264423028692
1513	3	300.15903423386135
1513	4	396.725677479199
1513	5	546.1220661132285
1513	6	323.24364534807637
1513	7	354.20039635527803
1513	8	558.7400351680039
1513	9	800.7209891050329
1513	10	288.93624322517627
1514	1	263.7149689073618
1514	2	170.1362571521872
1514	3	239.72642522654172
1514	4	274.647930484461
1514	5	475.20826034298545
1514	6	272.2283184218777
1514	7	304.29718592633617
1514	8	490.8864991049093
1514	9	632.7833442261536
1514	10	203.91872404800853
1515	1	295.3244221183601
1515	2	204.18430018303664
1515	3	282.193844237287
1515	4	333.05524893405436
1515	5	511.0603988450358
1515	6	308.7743100701332
1515	7	337.61891857460085
1515	8	520.0660740310002
1515	9	743.365240736792
1515	10	272.64113984155375
1516	2	74.96298868701365
1516	3	153.2636162340317
1516	4	106.13494019854541
1516	5	236.47224549200666
1516	6	57.84739972684963
1516	7	104.87460030089139
1516	8	155.55335722210526
1516	9	164.04272909633522
1516	10	68.8151088693114
1517	1	75.64399827033716
1517	2	55.63824423769993
1517	3	84.20062332777587
1517	4	67.47491755903734
1517	9	62.823264507488474
1517	10	32.888046947556575
1518	1	375.6769402209112
1518	2	240.30572075472028
1518	3	330.4959842266786
1518	4	451.9721120476521
1518	5	639.767470171745
1518	6	322.0517983839669
1518	7	345.33286938860454
1518	8	587.25078791845
1518	9	809.4037337908459
1518	10	355.45171719223873
1519	1	373.89014914182223
1519	2	277.6448948526171
1519	3	347.36906499799215
1519	4	519.9907150914294
1519	5	606.026349516988
1519	6	358.6789866704053
1519	7	395.13880920045733
1519	8	622.5479884683866
1519	9	877.8157382717665
1519	10	335.48418192953596
1520	1	321.7459752338171
1520	2	232.51264423028692
1520	3	300.15903423386135
1520	4	396.725677479199
1520	5	546.1220661132285
1520	6	323.24364534807637
1520	7	354.20039635527803
1520	8	558.7400351680039
1520	9	800.7209891050329
1520	10	288.93624322517627
1521	1	263.7149689073618
1521	2	170.1362571521872
1521	3	239.72642522654172
1521	4	274.647930484461
1521	5	475.20826034298545
1521	6	272.2283184218777
1521	7	304.29718592633617
1521	8	490.8864991049093
1521	9	632.7833442261536
1521	10	203.91872404800853
1522	1	295.3244221183601
1522	2	204.18430018303664
1522	3	282.193844237287
1522	4	333.05524893405436
1522	5	511.0603988450358
1522	6	308.7743100701332
1522	7	337.61891857460085
1522	8	520.0660740310002
1522	9	743.365240736792
1522	10	272.64113984155375
1523	1	109.14892672180116
1523	2	74.96298868701365
1523	3	153.2636162340317
1523	4	106.13494019854541
1523	5	236.47224549200666
1523	6	57.84739972684963
1523	7	104.87460030089139
1523	8	155.55335722210526
1523	9	164.04272909633522
1523	10	68.8151088693114
1524	1	75.64399827033716
1524	3	84.20062332777587
1524	6	24.36640285056871
1524	7	67.7825775801993
1524	9	62.823264507488474
1524	10	32.888046947556575
1525	1	375.6769402209112
1525	2	240.30572075472028
1525	3	330.4959842266786
1525	4	451.9721120476521
1525	5	639.767470171745
1525	6	322.0517983839669
1525	7	345.33286938860454
1525	8	587.25078791845
1525	9	809.4037337908459
1525	10	355.45171719223873
1526	1	347.89882358710406
1526	2	317.691821415377
1526	3	372.2092637918537
1526	4	514.7514013767302
1526	5	642.4088702681277
1526	6	380.57006243794285
1526	7	421.58759180316304
1526	8	634.5418866230743
1526	9	837.860787705986
1526	10	387.9014143410167
1527	1	295.754649679099
1527	2	272.55957079304676
1527	3	324.9992330277229
1527	4	391.4863637644998
1527	5	582.5045868643681
1527	6	345.13472111561384
1527	7	380.64917895798374
1527	8	570.7339333226917
1527	9	760.7660385392526
1527	10	341.353475636657
1528	1	237.72364335264368
1528	2	210.18318371494706
1528	3	264.5666240204032
1528	4	269.4086167697618
1528	5	511.5907810941251
1528	6	294.11939418941523
1528	7	330.7459685290419
1528	8	502.8803972595969
1528	9	592.8283936603732
1528	10	256.33595645948924
1529	1	269.33309656364196
1529	2	244.2312267457965
1529	3	307.03404303114854
1529	4	327.81593521935514
1529	5	547.4429195961754
1529	6	330.66538583767067
1529	7	364.06770117730656
1529	8	532.0599721856879
1529	9	703.4102901710115
1529	10	325.05837225303446
1530	1	86.21479105481822
1530	2	75.69949011075934
1530	3	124.42761231307942
1530	4	97.45800292221466
1530	5	212.61612448158502
1530	6	64.22841975001077
1530	7	128.2080649625542
1530	8	156.25722610370792
1530	9	159.4648246002438
1530	10	64.62372244118629
1531	4	58.79798028270659
1531	6	30.747422873729867
1531	7	91.11604224186212
1532	1	349.68561466619303
1532	2	280.35264731748015
1532	3	355.3361830205401
1532	4	446.7327983329529
1532	5	676.1499909228846
1532	6	343.9428741515044
1532	7	371.78165199131024
1532	8	599.2446860731375
1532	9	769.4487832250654
1532	10	407.86894960371944
1533	1	347.89882358710406
1533	2	317.691821415377
1533	3	372.2092637918537
1533	4	514.7514013767302
1533	5	642.4088702681277
1533	6	380.57006243794285
1533	7	421.58759180316304
1533	8	634.5418866230743
1533	9	837.860787705986
1533	10	387.9014143410167
1534	1	295.754649679099
1534	2	272.55957079304676
1534	3	324.9992330277229
1534	4	391.4863637644998
1534	5	582.5045868643681
1534	6	345.13472111561384
1534	7	380.64917895798374
1534	8	570.7339333226917
1534	9	760.7660385392526
1534	10	341.353475636657
1535	1	237.72364335264368
1535	2	210.18318371494706
1535	3	264.5666240204032
1535	4	269.4086167697618
1535	5	511.5907810941251
1535	6	294.11939418941523
1535	7	330.7459685290419
1535	8	502.8803972595969
1535	9	592.8283936603732
1535	10	256.33595645948924
1536	1	269.33309656364196
1536	2	244.2312267457965
1536	3	307.03404303114854
1536	4	327.81593521935514
1536	5	547.4429195961754
1536	6	330.66538583767067
1536	7	364.06770117730656
1536	8	532.0599721856879
1536	9	703.4102901710115
1536	10	325.05837225303446
1537	1	86.21479105481822
1537	2	75.69949011075934
1537	3	124.42761231307942
1537	4	97.45800292221466
1537	5	212.61612448158502
1537	6	64.22841975001077
1537	7	128.2080649625542
1537	8	156.25722610370792
1537	9	159.4648246002438
1537	10	64.62372244118629
1538	4	58.79798028270659
1538	6	30.747422873729867
1538	7	91.11604224186212
1538	9	58.24536001139706
1539	1	349.68561466619303
1539	2	280.35264731748015
1539	3	355.3361830205401
1539	4	446.7327983329529
1539	5	676.1499909228846
1539	6	343.9428741515044
1539	7	371.78165199131024
1539	8	599.2446860731375
1539	9	769.4487832250654
1539	10	407.86894960371944
1540	1	347.89882358710406
1540	2	317.691821415377
1540	3	372.2092637918537
1540	4	514.7514013767302
1540	5	642.4088702681277
1540	6	380.57006243794285
1540	7	421.58759180316304
1540	8	634.5418866230743
1540	9	837.860787705986
1540	10	387.9014143410167
1541	1	295.754649679099
1541	2	272.55957079304676
1541	3	324.9992330277229
1541	4	391.4863637644998
1541	5	582.5045868643681
1541	6	345.13472111561384
1541	7	380.64917895798374
1541	8	570.7339333226917
1541	9	760.7660385392526
1541	10	341.353475636657
1542	1	237.72364335264368
1542	2	210.18318371494706
1542	3	264.5666240204032
1542	4	269.4086167697618
1542	5	511.5907810941251
1542	6	294.11939418941523
1542	7	330.7459685290419
1542	8	502.8803972595969
1542	9	592.8283936603732
1542	10	256.33595645948924
1543	1	269.33309656364196
1543	2	244.2312267457965
1543	3	307.03404303114854
1543	4	327.81593521935514
1543	5	547.4429195961754
1543	6	330.66538583767067
1543	7	364.06770117730656
1543	8	532.0599721856879
1543	9	703.4102901710115
1543	10	325.05837225303446
1544	1	86.21479105481822
1544	2	75.69949011075934
1544	3	124.42761231307942
1544	4	97.45800292221466
1544	5	212.61612448158502
1544	6	64.22841975001077
1544	7	128.2080649625542
1544	8	156.25722610370792
1544	9	159.4648246002438
1544	10	64.62372244118629
1545	1	349.68561466619303
1545	2	280.35264731748015
1545	3	355.3361830205401
1545	4	446.7327983329529
1545	5	676.1499909228846
1545	6	343.9428741515044
1545	7	371.78165199131024
1545	8	599.2446860731375
1545	9	769.4487832250654
1545	10	407.86894960371944
1546	1	347.89882358710406
1546	2	317.691821415377
1546	3	372.2092637918537
1546	4	514.7514013767302
1546	5	642.4088702681277
1546	6	380.57006243794285
1546	7	421.58759180316304
1546	8	634.5418866230743
1546	9	837.860787705986
1546	10	387.9014143410167
1547	1	295.754649679099
1547	2	272.55957079304676
1547	3	324.9992330277229
1547	4	391.4863637644998
1547	5	582.5045868643681
1547	6	345.13472111561384
1547	7	380.64917895798374
1547	8	570.7339333226917
1547	9	760.7660385392526
1547	10	341.353475636657
1548	1	237.72364335264368
1548	2	210.18318371494706
1548	3	264.5666240204032
1548	4	269.4086167697618
1548	5	511.5907810941251
1548	6	294.11939418941523
1548	7	330.7459685290419
1548	8	502.8803972595969
1548	9	592.8283936603732
1548	10	256.33595645948924
1549	1	269.33309656364196
1549	2	244.2312267457965
1549	3	307.03404303114854
1549	4	327.81593521935514
1549	5	547.4429195961754
1549	6	330.66538583767067
1549	7	364.06770117730656
1549	8	532.0599721856879
1549	9	703.4102901710115
1549	10	325.05837225303446
1550	1	86.21479105481822
1550	2	75.69949011075934
1550	3	124.42761231307942
1550	4	97.45800292221466
1550	5	212.61612448158502
1550	6	64.22841975001077
1550	7	128.2080649625542
1550	8	156.25722610370792
1550	9	159.4648246002438
1550	10	64.62372244118629
1551	1	52.70986260335421
1551	2	56.37474566144562
1551	4	58.79798028270659
1551	6	30.747422873729867
1552	1	349.68561466619303
1552	2	280.35264731748015
1552	3	355.3361830205401
1552	4	446.7327983329529
1552	5	676.1499909228846
1552	6	343.9428741515044
1552	7	371.78165199131024
1552	8	599.2446860731375
1552	9	769.4487832250654
1552	10	407.86894960371944
1553	1	347.89882358710406
1553	2	317.691821415377
1553	3	372.2092637918537
1553	4	514.7514013767302
1553	5	642.4088702681277
1553	6	380.57006243794285
1553	7	421.58759180316304
1553	8	634.5418866230743
1553	9	837.860787705986
1553	10	387.9014143410167
1554	1	295.754649679099
1554	2	272.55957079304676
1554	3	324.9992330277229
1554	4	391.4863637644998
1554	5	582.5045868643681
1554	6	345.13472111561384
1554	7	380.64917895798374
1554	8	570.7339333226917
1554	9	760.7660385392526
1554	10	341.353475636657
1555	1	237.72364335264368
1555	2	210.18318371494706
1555	3	264.5666240204032
1555	4	269.4086167697618
1555	5	511.5907810941251
1555	6	294.11939418941523
1555	7	330.7459685290419
1555	8	502.8803972595969
1555	9	592.8283936603732
1555	10	256.33595645948924
1556	1	302.92968605131864
1556	2	235.73886746486642
1556	3	298.6587888385825
1556	4	389.2379645677072
1556	5	429.0843941804842
1556	6	318.4788144506226
1556	7	337.2238758345775
1556	8	523.301483304075
1556	9	769.3948443245661
1556	10	326.5604435979898
1557	4	58.09192366585204
1557	6	28.332261344599885
1557	9	42.30234968932625
1557	10	32.163601537171154
1558	1	383.28220415386977
1558	2	271.86028803655006
1558	3	346.96092882797404
1558	4	508.15482768130494
1558	5	557.7914655071934
1558	6	331.75630276445634
1558	7	344.9378266485812
1558	8	590.4861971915245
1558	9	835.43333737862
1558	10	409.37102094867475
1559	1	381.4954130747808
1559	2	309.1994621344469
1559	3	363.83400959928764
1559	4	576.1734307250822
1559	5	524.0503448524364
1559	6	368.38349105089475
1559	7	394.743766460434
1559	8	625.7833977414614
1559	9	903.8453418595406
1559	10	389.403485685972
1560	1	329.35123916677566
1560	2	264.06721151211667
1560	3	316.62397883515683
1560	4	452.90839311285185
1560	5	464.14606144867685
1560	6	332.9481497285658
1560	7	353.8053536152547
1560	8	561.9754444410787
1560	9	826.750592692807
1560	10	342.8555469816123
1561	1	271.3202328403204
1561	2	201.69082443401697
1561	3	256.1913698278372
1561	4	330.83064611811386
1561	5	393.23225567843383
1561	6	281.9328228023671
1561	7	303.9021431863128
1561	8	494.12190837798397
1561	9	658.8129478139277
1561	10	257.83802780444455
1562	1	302.92968605131864
1562	2	235.73886746486642
1562	3	298.6587888385825
1562	4	389.2379645677072
1562	5	429.0843941804842
1562	6	318.4788144506226
1562	7	337.2238758345775
1562	8	523.301483304075
1562	9	769.3948443245661
1562	10	326.5604435979898
1563	1	87.5714604654342
1563	2	74.529758087721
1563	3	116.90249604430828
1563	4	96.75194630536012
1563	5	153.87995992004795
1563	6	61.813258220880805
1563	7	130.17143643429267
1563	8	138.85982260986702
1563	9	143.521814278173
1563	10	68.09066345892599
1564	1	54.06653201397019
1564	8	138.85982260986702
1564	10	32.163601537171154
1565	1	383.28220415386977
1565	2	271.86028803655006
1565	3	346.96092882797404
1565	4	508.15482768130494
1565	5	557.7914655071934
1565	6	331.75630276445634
1565	7	344.9378266485812
1565	8	590.4861971915245
1565	9	835.43333737862
1565	10	409.37102094867475
1566	1	381.4954130747808
1566	2	309.1994621344469
1566	3	363.83400959928764
1566	4	576.1734307250822
1566	5	524.0503448524364
1566	6	368.38349105089475
1566	7	394.743766460434
1566	8	625.7833977414614
1566	9	903.8453418595406
1566	10	389.403485685972
1567	1	329.35123916677566
1567	2	264.06721151211667
1567	3	316.62397883515683
1567	4	452.90839311285185
1567	5	464.14606144867685
1567	6	332.9481497285658
1567	7	353.8053536152547
1567	8	561.9754444410787
1567	9	826.750592692807
1567	10	342.8555469816123
1568	1	271.3202328403204
1568	2	201.69082443401697
1568	3	256.1913698278372
1568	4	330.83064611811386
1568	5	393.23225567843383
1568	6	281.9328228023671
1568	7	303.9021431863128
1568	8	494.12190837798397
1568	9	658.8129478139277
1568	10	257.83802780444455
1569	1	302.92968605131864
1569	2	235.73886746486642
1569	3	298.6587888385825
1569	4	389.2379645677072
1569	5	429.0843941804842
1569	6	318.4788144506226
1569	7	337.2238758345775
1569	8	523.301483304075
1569	9	769.3948443245661
1569	10	326.5604435979898
1570	1	87.5714604654342
1570	2	74.529758087721
1570	3	116.90249604430828
1570	4	96.75194630536012
1570	5	153.87995992004795
1570	6	61.813258220880805
1570	7	130.17143643429267
1570	8	138.85982260986702
1570	9	143.521814278173
1570	10	68.09066345892599
1571	1	54.06653201397019
1571	2	55.20501363840728
1571	5	113.64004406698619
1571	6	28.332261344599885
1571	7	93.07941371360059
1571	9	42.30234968932625
1571	10	32.163601537171154
1572	1	383.28220415386977
1572	2	271.86028803655006
1572	3	346.96092882797404
1572	4	508.15482768130494
1572	5	557.7914655071934
1572	6	331.75630276445634
1572	7	344.9378266485812
1572	8	590.4861971915245
1572	9	835.43333737862
1572	10	409.37102094867475
1573	1	381.4954130747808
1573	2	309.1994621344469
1573	3	363.83400959928764
1573	4	576.1734307250822
1573	5	524.0503448524364
1573	6	368.38349105089475
1573	7	394.743766460434
1573	8	625.7833977414614
1573	9	903.8453418595406
1573	10	389.403485685972
1574	1	329.35123916677566
1574	2	264.06721151211667
1574	3	316.62397883515683
1574	4	452.90839311285185
1574	5	464.14606144867685
1574	6	332.9481497285658
1574	7	353.8053536152547
1574	8	561.9754444410787
1574	9	826.750592692807
1574	10	342.8555469816123
1575	1	271.3202328403204
1575	2	201.69082443401697
1575	3	256.1913698278372
1575	4	330.83064611811386
1575	5	393.23225567843383
1575	6	281.9328228023671
1575	7	303.9021431863128
1575	8	494.12190837798397
1575	9	658.8129478139277
1575	10	257.83802780444455
1576	1	302.92968605131864
1576	2	235.73886746486642
1576	3	298.6587888385825
1576	4	389.2379645677072
1576	5	429.0843941804842
1576	6	318.4788144506226
1576	7	337.2238758345775
1576	8	523.301483304075
1576	9	769.3948443245661
1576	10	326.5604435979898
1577	1	87.5714604654342
1577	2	74.529758087721
1577	3	116.90249604430828
1577	4	96.75194630536012
1577	5	153.87995992004795
1577	6	61.813258220880805
1577	7	130.17143643429267
1577	8	138.85982260986702
1577	9	143.521814278173
1577	10	68.09066345892599
1578	1	383.28220415386977
1578	2	271.86028803655006
1578	3	346.96092882797404
1578	4	508.15482768130494
1578	5	557.7914655071934
1578	6	331.75630276445634
1578	7	344.9378266485812
1578	8	590.4861971915245
1578	9	835.43333737862
1578	10	409.37102094867475
1579	1	381.4954130747808
1579	2	309.1994621344469
1579	3	363.83400959928764
1579	4	576.1734307250822
1579	5	524.0503448524364
1579	6	368.38349105089475
1579	7	394.743766460434
1579	8	625.7833977414614
1579	9	903.8453418595406
1579	10	389.403485685972
1580	1	329.35123916677566
1580	2	264.06721151211667
1580	3	316.62397883515683
1580	4	452.90839311285185
1580	5	464.14606144867685
1580	6	332.9481497285658
1580	7	353.8053536152547
1580	8	561.9754444410787
1580	9	826.750592692807
1580	10	342.8555469816123
1581	1	311.5344926219908
1581	2	257.9801974083991
1581	3	322.24030305858935
1581	4	251.4659681241203
1581	5	534.4175555427136
1581	6	296.0067831675002
1581	7	337.79730143391123
1581	8	508.2976265606697
1581	9	732.5549284905983
1581	10	485.6352541693786
1582	1	343.14394583298906
1582	2	292.0282404392485
1582	3	364.7077220693347
1582	4	309.87328657371364
1582	5	570.2696940447639
1582	6	332.55277481575564
1582	7	371.119034082176
1582	8	537.4772014867606
1582	9	843.1368250012366
1582	10	554.3576699629239
1583	1	371.47679684284515
1583	2	314.41614334587064
1583	3	355.0725387826679
1583	4	278.03749710981606
1583	5	636.1918818859307
1583	6	303.92044956350907
1583	7	342.02536604522186
1583	8	557.0728508995749
1583	9	756.2313450852877
1583	10	478.49766519973895
1584	2	30.0
1584	6	6.0
1584	7	32.0
1584	9	15.0
1584	10	25.0
1585	2	30.0
1585	8	29.5
1585	9	15.0
1586	2	30.0
1586	3	34.0
1586	4	20.0
1586	6	6.0
1586	7	32.0
1586	8	29.5
1587	1	29.5
1587	2	30.0
1587	4	20.0
1587	6	6.0
1587	8	29.5
1587	9	15.0
1587	10	25.0
1588	1	29.5
1588	2	30.0
1588	3	34.0
1588	4	20.0
1588	6	6.0
1588	7	32.0
1588	8	29.5
1588	9	15.0
1588	10	25.0
1589	1	29.5
1589	3	34.0
1589	4	20.0
1589	6	6.0
1589	7	32.0
1589	8	29.5
1589	9	15.0
1589	10	25.0
1590	1	797.8191678054159
1590	2	473.41982109579504
1590	3	638.0673405205685
1590	4	989.2427186883244
1590	5	1107.5668550165437
1590	6	528.6758990924001
1590	7	383.19948122827907
1590	8	1076.5711059486205
1590	9	1340.5119615427484
1590	10	1219.4715376807665
1591	1	429.12626287025125
1591	2	369.0405037229436
1591	3	418.740105854187
1591	4	678.6978882738988
1591	5	653.3909911091633
1591	6	432.4889144232917
1591	7	454.1099432230173
1591	8	792.071664890688
1591	9	1305.1397806546966
1591	10	409.565574024772
1592	1	376.9820889622461
1592	2	323.90825310061336
1592	3	371.5300750900562
1592	4	555.4328506616685
1592	5	593.4867077054038
1592	6	397.05357310096275
1592	7	413.171530377838
1592	8	728.2637115903053
1592	9	1228.0450314879631
1592	10	363.0176353204123
1593	1	318.95108263579084
1593	2	261.53186602251367
1593	3	311.09746608273656
1593	4	433.3551036669304
1593	5	522.5729019351608
1593	6	346.03824617476414
1593	7	363.2683199488961
1593	8	660.4101755272106
1593	9	1060.1073866090837
1593	10	278.00011614324455
1594	1	350.5605358467891
1594	2	295.5799090533631
1594	3	353.56488509348185
1594	4	491.76242211652374
1594	5	558.4250404372111
1594	6	382.5842378230196
1594	7	396.5900525971608
1594	8	689.5897504533016
1594	9	1170.6892831197222
1594	10	346.7225319367898
1595	1	75.74050848706801
1595	2	66.90344405219204
1595	3	112.5139723470834
1595	4	100.89542612031748
1595	5	142.2624815071133
1595	6	62.46188779479188
1595	7	102.46149219967103
1595	8	150.9452910843085
1595	9	170.608953076849
1595	10	60.06720736702624
1596	1	42.235580035604016
1596	4	62.2354034808094
1596	5	102.02256565405156
1596	6	28.980890918510962
1596	7	65.36946947897894
1596	9	69.38948848800223
1596	10	24.140145445271408
1597	1	430.9130539493402
1597	2	331.70132962504675
1597	3	401.8670250828734
1597	4	610.6792852301214
1597	5	687.1321117639203
1597	6	395.8617261368533
1597	7	404.30400341116444
1597	8	756.7744643407511
1597	9	1236.727776173776
1597	10	429.53310928747476
1598	1	429.12626287025125
1598	2	369.0405037229436
1598	3	418.740105854187
1598	4	678.6978882738988
1598	5	653.3909911091633
1598	6	432.4889144232917
1598	7	454.1099432230173
1598	8	792.071664890688
1598	9	1305.1397806546966
1598	10	409.565574024772
1599	1	376.9820889622461
1599	2	323.90825310061336
1599	3	371.5300750900562
1599	4	555.4328506616685
1599	5	593.4867077054038
1599	6	397.05357310096275
1599	7	413.171530377838
1599	8	728.2637115903053
1599	9	1228.0450314879631
1599	10	363.0176353204123
1600	1	318.95108263579084
1600	2	261.53186602251367
1600	3	311.09746608273656
1600	4	433.3551036669304
1600	5	522.5729019351608
1600	6	346.03824617476414
1600	7	363.2683199488961
1600	8	660.4101755272106
1600	9	1060.1073866090837
1600	10	278.00011614324455
1601	1	350.5605358467891
1601	2	295.5799090533631
1601	3	353.56488509348185
1601	4	491.76242211652374
1601	5	558.4250404372111
1601	6	382.5842378230196
1601	7	396.5900525971608
1601	8	689.5897504533016
1601	9	1170.6892831197222
1601	10	346.7225319367898
1602	1	75.74050848706801
1602	2	66.90344405219204
1602	3	112.5139723470834
1602	4	100.89542612031748
1602	5	142.2624815071133
1602	6	62.46188779479188
1602	7	102.46149219967103
1602	8	150.9452910843085
1602	9	170.608953076849
1602	10	60.06720736702624
1603	1	42.235580035604016
1603	2	47.57869960287832
1603	3	43.450979440827616
1603	4	62.2354034808094
1603	6	28.980890918510962
1603	7	65.36946947897894
1603	8	150.9452910843085
1603	9	69.38948848800223
1603	10	24.140145445271408
1604	1	430.9130539493402
1604	2	331.70132962504675
1604	3	401.8670250828734
1604	4	610.6792852301214
1604	5	687.1321117639203
1604	6	395.8617261368533
1604	7	404.30400341116444
1604	8	756.7744643407511
1604	9	1236.727776173776
1604	10	429.53310928747476
1605	1	429.12626287025125
1605	2	369.0405037229436
1605	3	418.740105854187
1605	4	678.6978882738988
1605	5	653.3909911091633
1605	6	432.4889144232917
1605	7	454.1099432230173
1605	8	792.071664890688
1605	9	1305.1397806546966
1605	10	409.565574024772
1606	1	376.9820889622461
1606	2	323.90825310061336
1606	3	371.5300750900562
1606	4	555.4328506616685
1606	5	593.4867077054038
1606	6	397.05357310096275
1606	7	413.171530377838
1606	8	728.2637115903053
1606	9	1228.0450314879631
1606	10	363.0176353204123
1607	1	318.95108263579084
1607	2	261.53186602251367
1607	3	311.09746608273656
1607	4	433.3551036669304
1607	5	522.5729019351608
1607	6	346.03824617476414
1607	7	363.2683199488961
1607	8	660.4101755272106
1607	9	1060.1073866090837
1607	10	278.00011614324455
1608	1	350.5605358467891
1608	2	295.5799090533631
1608	3	353.56488509348185
1608	4	491.76242211652374
1608	5	558.4250404372111
1608	6	382.5842378230196
1608	7	396.5900525971608
1608	8	689.5897504533016
1608	9	1170.6892831197222
1608	10	346.7225319367898
1609	1	75.74050848706801
1609	2	66.90344405219204
1609	3	112.5139723470834
1609	4	100.89542612031748
1609	5	142.2624815071133
1609	6	62.46188779479188
1609	7	102.46149219967103
1609	8	150.9452910843085
1609	9	170.608953076849
1609	10	60.06720736702624
1610	1	42.235580035604016
1610	4	62.2354034808094
1610	6	28.980890918510962
1610	7	65.36946947897894
1610	9	69.38948848800223
1610	10	24.140145445271408
1611	1	430.9130539493402
1611	2	331.70132962504675
1611	3	401.8670250828734
1611	4	610.6792852301214
1611	5	687.1321117639203
1611	6	395.8617261368533
1611	7	404.30400341116444
1611	8	756.7744643407511
1611	9	1236.727776173776
1611	10	429.53310928747476
1612	1	429.12626287025125
1612	2	369.0405037229436
1612	3	418.740105854187
1612	4	678.6978882738988
1612	5	653.3909911091633
1612	6	432.4889144232917
1612	7	454.1099432230173
1612	8	792.071664890688
1612	9	1305.1397806546966
1612	10	409.565574024772
1613	1	339.15543956952774
1613	2	266.0869039172301
1613	3	324.0930605853862
1613	4	463.3165079227972
1613	5	520.020876218168
1613	6	347.663102292477
1613	7	364.1692558576906
1613	8	618.9354013917323
1613	9	870.3877987774163
1613	10	324.6215108755393
1614	1	281.1244332430725
1614	2	203.71051683913035
1614	3	263.66045157806656
1614	4	341.2387609280592
1614	5	449.107070447925
1614	6	296.6477753662783
1614	7	314.2660454287486
1614	8	551.0818653286376
1614	9	702.4501538985369
1614	10	239.60399169837154
1615	1	312.7338864540707
1615	2	237.7585598699798
1615	3	306.1278705888119
1615	4	399.64607937765254
1615	5	484.9592089499754
1615	6	333.1937670145338
1615	7	347.58777807701335
1615	8	580.2614402547285
1615	9	813.0320504091752
1615	10	308.32640749191677
1616	1	89.60276253802914
1616	2	76.28547019441558
1616	3	125.03722194152697
1616	4	102.08756609917641
1616	5	174.94712549940692
1616	6	64.70177961253441
1616	7	135.34022300146466
1616	8	151.15151109190302
1616	9	150.45082781139712
1616	10	68.1602005122427
1617	1	56.09783408656514
1617	4	63.427543459668335
1617	5	134.70720964634523
1617	7	98.2482002807726
1617	9	49.23136322255038
1617	10	32.23313859048787
1618	1	393.08640455662186
1618	2	273.8799804416634
1618	3	354.43001057820345
1618	4	518.5629424912503
1618	5	613.6662802766846
1618	6	346.47125532836753
1618	7	355.30172889101704
1618	8	647.4461541421783
1618	9	879.0705434632291
1618	10	391.13698484260175
1619	1	391.2996134775329
1619	2	311.21915453956024
1619	3	371.303091349517
1619	4	586.5815455350275
1619	5	579.9251596219276
1619	6	383.09844361480594
1619	7	405.10766870286983
1619	8	682.743354692115
1619	9	947.4825479441497
1619	10	371.169449579899
1620	1	339.15543956952774
1620	2	266.0869039172301
1620	3	324.0930605853862
1620	4	463.3165079227972
1620	5	520.020876218168
1620	6	347.663102292477
1620	7	364.1692558576906
1620	8	618.9354013917323
1620	9	870.3877987774163
1620	10	324.6215108755393
1621	1	281.1244332430725
1621	2	203.71051683913035
1621	3	263.66045157806656
1621	4	341.2387609280592
1621	5	449.107070447925
1621	6	296.6477753662783
1621	7	314.2660454287486
1621	8	551.0818653286376
1621	9	702.4501538985369
1621	10	239.60399169837154
1622	1	312.7338864540707
1622	2	237.7585598699798
1622	3	306.1278705888119
1622	4	399.64607937765254
1622	5	484.9592089499754
1622	6	333.1937670145338
1622	7	347.58777807701335
1622	8	580.2614402547285
1622	9	813.0320504091752
1622	10	308.32640749191677
1623	1	89.60276253802914
1623	2	76.28547019441558
1623	3	125.03722194152697
1623	4	102.08756609917641
1623	5	174.94712549940692
1623	6	64.70177961253441
1623	7	135.34022300146466
1623	8	151.15151109190302
1623	9	150.45082781139712
1623	10	68.1602005122427
1624	1	56.09783408656514
1624	4	63.427543459668335
1624	9	49.23136322255038
1624	10	32.23313859048787
1625	1	393.08640455662186
1625	2	273.8799804416634
1625	3	354.43001057820345
1625	4	518.5629424912503
1625	5	613.6662802766846
1625	6	346.47125532836753
1625	7	355.30172889101704
1625	8	647.4461541421783
1625	9	879.0705434632291
1625	10	391.13698484260175
1626	1	391.2996134775329
1626	2	311.21915453956024
1626	3	371.303091349517
1626	4	586.5815455350275
1626	5	579.9251596219276
1626	6	383.09844361480594
1626	7	405.10766870286983
1626	8	682.743354692115
1626	9	947.4825479441497
1626	10	371.169449579899
1627	1	339.15543956952774
1627	2	266.0869039172301
1627	3	324.0930605853862
1627	4	463.3165079227972
1627	5	520.020876218168
1627	6	347.663102292477
1627	7	364.1692558576906
1627	8	618.9354013917323
1627	9	870.3877987774163
1627	10	324.6215108755393
1628	1	281.1244332430725
1628	2	203.71051683913035
1628	3	263.66045157806656
1628	4	341.2387609280592
1628	5	449.107070447925
1628	6	296.6477753662783
1628	7	314.2660454287486
1628	8	551.0818653286376
1628	9	702.4501538985369
1628	10	239.60399169837154
1629	1	312.7338864540707
1629	2	237.7585598699798
1629	3	306.1278705888119
1629	4	399.64607937765254
1629	5	484.9592089499754
1629	6	333.1937670145338
1629	7	347.58777807701335
1629	8	580.2614402547285
1629	9	813.0320504091752
1629	10	308.32640749191677
1630	1	89.60276253802914
1630	2	76.28547019441558
1630	4	102.08756609917641
1630	5	174.94712549940692
1630	6	64.70177961253441
1630	7	135.34022300146466
1630	8	151.15151109190302
1630	9	150.45082781139712
1630	10	68.1602005122427
1631	9	49.23136322255038
1632	1	393.08640455662186
1632	2	273.8799804416634
1632	3	354.43001057820345
1632	4	518.5629424912503
1632	5	613.6662802766846
1632	6	346.47125532836753
1632	7	355.30172889101704
1632	8	647.4461541421783
1632	9	879.0705434632291
1632	10	391.13698484260175
1633	1	391.2996134775329
1633	2	311.21915453956024
1633	3	371.303091349517
1633	4	586.5815455350275
1633	5	579.9251596219276
1633	6	383.09844361480594
1633	7	405.10766870286983
1633	8	682.743354692115
1633	9	947.4825479441497
1633	10	371.169449579899
1634	1	339.15543956952774
1634	2	266.0869039172301
1634	3	324.0930605853862
1634	4	463.3165079227972
1634	5	520.020876218168
1634	6	347.663102292477
1634	7	364.1692558576906
1634	8	618.9354013917323
1634	9	870.3877987774163
1634	10	324.6215108755393
1635	1	281.1244332430725
1635	2	203.71051683913035
1635	3	263.66045157806656
1635	4	341.2387609280592
1635	5	449.107070447925
1635	6	296.6477753662783
1635	7	314.2660454287486
1635	8	551.0818653286376
1635	9	702.4501538985369
1635	10	239.60399169837154
1636	1	312.7338864540707
1636	2	237.7585598699798
1636	3	306.1278705888119
1636	4	399.64607937765254
1636	5	484.9592089499754
1636	6	333.1937670145338
1636	7	347.58777807701335
1636	8	580.2614402547285
1636	9	813.0320504091752
1636	10	308.32640749191677
1637	1	89.60276253802914
1637	2	76.28547019441558
1637	3	125.03722194152697
1637	4	102.08756609917641
1637	5	174.94712549940692
1637	6	64.70177961253441
1637	7	135.34022300146466
1637	8	151.15151109190302
1637	9	150.45082781139712
1637	10	68.1602005122427
1638	1	56.09783408656514
1638	2	56.960725745101854
1638	3	55.974229035271186
1638	6	31.22078273625349
1638	9	49.23136322255038
1639	1	393.08640455662186
1639	2	273.8799804416634
1639	3	354.43001057820345
1639	4	518.5629424912503
1639	5	613.6662802766846
1639	6	346.47125532836753
1639	7	355.30172889101704
1639	8	647.4461541421783
1639	9	879.0705434632291
1639	10	391.13698484260175
1640	1	391.2996134775329
1640	2	311.21915453956024
1640	3	371.303091349517
1640	4	586.5815455350275
1640	5	579.9251596219276
1640	6	383.09844361480594
1640	7	405.10766870286983
1640	8	682.743354692115
1640	9	947.4825479441497
1640	10	371.169449579899
