1250	1	415.6500947725306
1250	2	334.20175010027833
1250	3	342.2746605274713
1250	4	524.4612376020154
1250	5	551.6005031951371
1250	6	340.1857977678988
1250	7	383.3802943572357
1250	8	515.8296977865984
1250	9	933.725529470933
1250	10	429.5292463363397
1251	1	357.7310452549833
1251	2	266.59955384907875
1251	3	277.1983989012881
1251	4	406.9233993228827
1251	5	485.3313579767308
1251	6	293.5222222528556
1251	7	336.8116663421222
1251	8	473.94151418139205
1251	9	799.8872287611537
1251	10	334.1117933961465
1252	1	391.0994805751087
1252	2	300.8205885560737
1252	3	314.3658631086272
1252	4	464.2549416406683
1252	5	520.5682920700367
1252	6	332.52386405671473
1252	7	378.21901047788106
1252	8	493.26327571972786
1252	9	911.0940533606519
1252	10	392.61583654554806
1253	1	56.86774443889786
1253	2	45.940138175194875
1253	3	87.08112799834686
1253	4	74.4370810326829
1253	5	57.47769405015985
1253	6	49.99172786146403
1253	7	62.83048208751313
1253	8	61.78996523452494
1253	9	130.3540399598807
1253	10	36.07667453329462
1254	4	22.600636542915552
1255	1	466.9737389082974
1255	2	322.1363580423283
1255	3	355.15757869685575
1255	4	595.2164101957516
1255	5	642.1850206748047
1255	6	343.5806417746424
1255	7	388.17976310098516
1255	8	542.6666827080544
1255	9	965.2707482154087
1255	10	442.88761850368746
1256	1	455.7074123863956
1256	2	358.5886219131298
1256	3	357.4229325410648
1256	4	641.2173051629409
1256	5	618.8388278429674
1256	6	371.50225651978747
1256	7	431.77533848771014
1256	8	546.7372085868011
1256	9	995.9894235510509
1256	10	411.067287084697
1257	1	409.47013255715257
1257	2	327.178958982195
1257	3	310.1263296973599
1257	4	540.1395416397525
1257	5	569.0161673733802
1257	6	344.4010461258109
1257	7	392.7285242334125
1257	8	512.9435552180018
1257	9	928.2206905220887
1257	10	360.2809803759992
1258	1	345.78714481670426
1258	2	258.82061628687325
1258	3	242.92337703970009
1258	4	413.1011767830802
1258	5	498.84524745525573
1258	6	295.3364407442716
1258	7	342.38498586220527
1258	8	468.5899140260719
1258	9	780.5817222884149
1258	10	260.88796958948024
1259	1	373.3832943873676
1259	2	292.20025161327675
1259	3	278.2890171740791
1259	4	460.6468328109868
1259	5	529.8565073881747
1259	6	331.8085075163121
1259	7	379.8028876872429
1259	8	485.7149583407781
1259	9	878.0187425364434
1259	10	316.2496200087128
1260	1	51.243668660099885
1260	2	41.509788385832906
1260	3	91.31510604658845
1260	4	70.05405567225964
1260	5	58.686925236330275
1260	6	48.4429129540394
1260	7	63.652343621469754
1260	8	66.3285282938086
1260	9	138.4261325716053
1260	10	41.31515792674712
1261	1	433.1790285138068
1261	2	310.4928636998885
1261	3	315.82905479423937
1261	4	562.5394125362754
1261	5	637.6449918754834
1261	6	335.0132687214459
1261	7	377.3461202336567
1261	8	530.3690830772125
1261	9	893.5741852054167
1261	10	362.5255136166445
1262	1	417.3994215381076
1262	2	345.802423741149
1262	3	317.77704725317045
1262	4	599.6282655127542
1262	5	609.620381173046
1262	6	360.40998868083943
1262	7	416.94646952839383
1262	8	533.5072589167567
1262	9	913.1072359414522
1262	10	331.2643121875709
1263	1	367.27824960852604
1263	2	313.21112294831147
1263	3	270.56002266783105
1263	4	490.3576141039151
1263	5	555.2592363739502
1263	6	330.9209699235852
1263	7	374.1233712675733
1263	8	499.10589656181685
1263	9	835.3521682718638
1263	10	281.9885338898507
1264	1	300.45070291969193
1264	2	243.6561430741686
1264	3	203.8350016430312
1264	4	356.02702420036115
1264	5	480.7987515850011
1264	6	279.6577090643381
1264	7	320.3063857382365
1264	8	454.45782647274865
1264	9	679.1041363833987
1264	10	185.0391613478389
1265	1	325.7375170638377
1265	2	275.8516659528802
1265	3	240.07360046672608
1265	4	397.34476774536046
1265	5	507.8768454176369
1265	6	314.1687870351347
1265	7	354.6318332714405
1265	8	471.5838300126175
1265	9	769.457877416872
1265	10	243.7444149880689
1266	1	47.1694717180833
1266	2	31.3423716544077
1266	3	88.9569721499526
1266	4	62.86314333543342
1266	5	60.18252587220853
1266	6	45.1538610933313
1266	7	58.97022347224845
1266	8	66.47044344206776
1266	9	136.78469257623846
1266	10	45.42080348993548
1267	6	5.074171088348805
1267	9	37.907004548084586
1268	1	384.30134894108556
1268	2	290.9771211204269
1268	3	282.4965919816416
1268	4	488.21996690397566
1268	5	606.9873183439876
1268	6	313.3220832010105
1268	7	345.83925034866326
1268	8	517.7524138934581
1268	9	773.8971917506233
1268	10	304.90062649218316
1269	1	370.12946769636216
1269	2	325.467045119952
1269	3	286.7671962338535
1269	4	524.4757175311713
1269	5	577.3852601318878
1269	6	338.07981180553713
1269	7	384.473029737508
1269	8	521.7914163579414
1269	9	793.2472094782512
1269	10	279.9635380263567
1270	1	322.62456886925236
1270	2	292.22628650066866
1270	3	242.17843789236753
1270	4	415.85317853876785
1270	5	522.2048955332721
1270	6	308.33791384794654
1270	7	341.3068618395239
1270	8	488.4279790100101
1270	9	717.0493195919366
1270	10	237.5363270063649
1271	1	259.38319470868
1271	2	222.21993044728174
1271	3	178.35538636178308
1271	4	283.6374036119447
1271	5	447.71650711964094
1271	6	257.2127444300808
1271	7	287.77974903756177
1271	8	444.91639067532833
1271	9	564.0315096885856
1271	10	147.84937115247226
1272	1	289.1618444099503
1272	2	254.18631118285458
1272	3	217.73348471114662
1272	4	328.4873350250628
1272	5	475.5702610469542
1272	6	292.24839801960445
1272	7	323.0226297822727
1272	8	463.2390141403145
1272	9	659.1875598200622
1272	10	214.11185630568934
1273	1	46.08155563735261
1273	2	26.062517550052917
1273	3	86.3871820289719
1273	4	61.00769739470503
1273	5	63.79398709233833
1273	6	43.471349814531465
1273	7	52.27396339966995
1273	8	63.638197075620866
1273	9	127.49747642502074
1273	10	46.35731971011511
1274	1	365.63240033341856
1274	2	270.1237889325691
1274	3	270.5830394713398
1274	4	437.4709870785952
1274	5	581.6188706433726
1274	6	295.1110790423856
1274	7	320.47188623436864
1274	8	512.9962776341214
1274	9	686.0181170488565
1274	10	298.43408244325815
1275	1	358.46634309833314
1275	2	305.4093246499711
1275	3	278.51107942061867
1275	4	481.7855741327156
1275	5	555.6849062372719
1275	6	321.7127975428049
1275	7	362.1870023710424
1275	8	518.123870853199
1275	9	714.8935636437498
1275	10	280.94657717441646
1276	1	318.2227882146871
1276	2	273.2223846682658
1276	3	237.58818575331782
1276	4	381.9290274347863
1276	5	504.706486799687
1276	6	294.04734194609256
1276	7	322.4894367256038
1276	8	485.75082992451723
1276	9	648.9106619212131
1276	10	245.61643382891748
1277	1	262.3224151818142
1277	2	204.5149439700017
1277	3	177.38806460491435
1277	4	258.97476906342297
1277	5	434.83934311319
1277	6	245.17889348030428
1277	7	272.73417166946837
1277	8	443.11153689116
1277	9	506.57907182673677
1277	10	162.55089295034895
1278	1	299.3397098023154
1278	2	238.0052913125416
1278	3	220.29464274671182
1278	4	313.3577862919402
1278	5	467.6038131368381
1278	6	282.59484752805224
1278	7	311.95987223055874
1278	8	462.17345230547375
1278	9	612.6730526392336
1278	10	234.84395425462594
1279	2	31.856919782498252
1279	3	89.82757349854171
1279	4	68.30511007134719
1279	5	69.58512113011719
1279	6	45.16853529499761
1279	7	50.16123812559087
1279	8	61.090009303459254
1279	9	116.84477912644746
1280	1	8.44436986378932
1281	1	395.0983224256828
1281	2	259.56975045634033
1281	3	282.66329729294716
1281	4	450.2654236454505
1281	5	588.6663758359309
1281	6	292.7356664317154
1281	7	321.6228084586336
1281	8	513.2794264746121
1281	9	671.7299479081876
1281	10	332.73026013722256
1282	1	392.98362449345535
1282	2	296.957680952202
1282	3	293.25373596767844
1282	4	502.9143264165191
1282	5	567.3217166167159
1282	6	321.60625686049275
1282	7	367.1548031555013
1282	8	518.5687124536267
1282	9	710.520619248829
1282	10	317.99887657498743
1283	1	356.85254922453674
1283	2	266.9141375939927
1283	3	254.66912047511107
1283	4	410.56125695149626
1283	5	520.4734129237125
1283	6	296.03443735876635
1283	7	330.97970330398323
1283	8	486.2262987086552
1283	9	653.7736814074922
1283	10	284.45643800423136
1284	1	304.00576258549063
1284	2	200.3442095340729
1284	3	196.44896308585544
1284	4	294.1030207641795
1284	5	454.1376422847544
1284	6	249.03254038945647
1284	7	284.3598881893223
1284	8	443.50062583455997
1284	9	519.876771084903
1284	10	202.1870745451081
1285	1	342.92308234980015
1285	2	235.91884218699045
1285	3	240.94884830685083
1285	4	353.8247677612087
1285	5	489.7089866289107
1285	6	288.0422205299481
1285	7	326.24994211659345
1285	8	462.3766869795633
1285	9	633.5108037682219
1285	10	274.2819577984353
1286	1	52.23073194695702
1286	2	43.45526624806442
1286	4	79.92725064139424
1286	5	75.04375463890005
1286	6	47.87678077721955
1286	7	55.07120596760518
1286	8	61.781293482710225
1286	9	110.03504315582602
1286	10	49.10730466623073
1287	9	11.637509454250885
1288	1	436.9545324261351
1288	2	262.9661615233936
1288	3	305.596064910436
1288	4	498.7893726226047
1288	5	613.8788830802176
1288	6	300.9866792200793
1288	7	340.410852722126
1288	8	512.5418166839231
1288	9	709.3429143005745
1288	10	365.8900103619094
1289	1	431.7800961188054
1289	2	301.79221158188795
1289	3	316.0895130824979
1289	4	551.3127412856923
1289	5	591.5977174216781
1289	6	330.06462682468316
1289	7	386.1241665055312
1289	8	517.4686220000108
1289	9	751.770499524341
1289	10	347.36710850931945
1290	1	391.4262297299277
1290	2	272.9388827231284
1290	3	276.9884330514231
1290	4	457.44505423238104
1290	5	542.7957272254996
1290	6	304.3275454591519
1290	7	349.4345564856535
1290	8	484.77999014800884
1290	9	697.7522625008902
1290	10	309.3294961660429
1291	1	333.29015954828543
1291	2	207.28973834873534
1291	3	217.85003801175014
1291	4	338.1508200986675
1291	5	473.51563862788134
1291	6	256.7979657038828
1291	7	301.6079199105321
1291	8	441.74798667463443
1291	9	565.7562635501671
1291	10	221.97441834284518
1292	1	365.9789704167971
1292	2	243.50240116108415
1292	3	261.0558263673984
1292	4	393.8198306370688
1292	5	505.20947168103953
1292	6	294.9380669335839
1292	7	341.6198988422599
1292	8	460.379734707128
1292	9	680.5653825032858
1292	10	288.5205081928291
1293	3	106.02539551023094
1293	4	87.0482654876815
1293	5	77.17541604833258
1293	6	47.5584528710763
1293	7	61.674020030664025
1293	8	66.0355897606432
1293	9	109.18364179951749
1293	10	52.21404057141872
1294	1	437.3621502969651
1294	2	270.7688544068315
1294	3	319.94071734436676
1294	4	520.8680619353743
1294	5	613.1665668817125
1294	6	303.57197514381295
1294	7	346.5849953840241
1294	8	510.3704773022936
1294	9	756.8248082863452
1294	10	362.1395889653844
1295	1	423.9810290793319
1295	2	309.14996291766926
1295	3	328.0463738094146
1295	4	566.1516136065925
1295	5	584.4277750609275
1295	6	330.80455144100847
1295	7	388.2798090320546
1295	8	515.4724836451186
1295	9	798.8282403240131
1295	10	337.6846561635658
1296	1	375.4601930866289
1296	2	279.63895295035417
1296	3	286.4183327298663
1296	4	464.78752945918404
1296	5	528.9340191796059
1296	6	303.11433662633044
1296	7	347.24633473074357
1296	8	483.09053613349136
1296	9	744.3421611697236
1296	10	294.0084603172204
1297	1	309.428511005863
1297	2	213.15973577928543
1297	3	224.67700321037444
1297	4	337.9854161918499
1297	5	452.92837168924916
1297	6	253.58910705361643
1297	7	294.85775348422055
1297	8	440.49987461998523
1297	9	611.9721417629295
1297	10	201.46122268676777
1298	1	334.7236983056397
1298	2	248.41748128412564
1298	3	265.2698186033324
1298	4	386.38380923273667
1298	5	478.0728187474134
1298	6	289.7589607240425
1298	7	330.20477022534214
1298	8	459.70687581279174
1298	9	726.6279248354697
1298	10	263.4072921219888
1299	1	58.981905027070326
1299	2	49.69197742592229
1299	3	105.30670621174919
1299	4	85.645458065045
1299	5	75.73689341804631
1299	6	43.77433858138258
1299	7	62.561361358038425
1299	8	70.98797860290571
1299	9	114.8240406674454
1299	10	51.8969658736755
1300	1	389.1047318068875
1300	2	272.62738499086436
1300	3	316.9277244337009
1300	4	495.4476957497029
1300	5	569.5643621230837
1300	6	293.3175092160145
1300	7	321.76798403272056
1300	8	512.1626081460367
1300	9	804.7765477108604
1300	10	328.06010439680404
1301	1	372.41830121027016
1301	2	310.128242377892
1301	3	323.0467489271108
1301	4	536.7407770886663
1301	5	537.0739258098865
1301	6	319.3534283528778
1301	7	359.5971914382592
1301	8	518.2939380736988
1301	9	848.4306223063386
1301	10	302.5755504094577
1302	1	322.0295969506347
1302	2	279.91004029816844
1302	3	279.74457009811067
1302	4	432.69524536386336
1302	5	478.99824777316906
1302	6	290.81103124072536
1302	7	315.1910523557158
1302	8	487.01829624780925
1302	9	796.1644669704428
1302	10	258.9749303735007
1303	1	255.67496363575037
1303	2	212.95667834284308
1303	3	216.69470261919025
1303	4	304.6593433072883
1303	5	401.7275326733487
1303	6	240.82610096745674
1303	7	260.0261745958326
1303	8	445.59124868273597
1303	9	666.5801311516543
1303	10	167.65069902610185
1304	1	282.2636906793115
1304	2	248.0292589677294
1304	3	256.3907232277856
1304	4	353.373898472745
1304	5	427.0415611981018
1304	6	276.9680721729545
1304	7	293.28514820766736
1304	8	465.99783763302764
1304	9	784.5576333740653
1304	10	231.98541891545096
1305	1	60.228095742334645
1305	2	47.07642819339128
1305	3	97.51373892532249
1305	4	80.14565125518497
1305	5	73.86014349301689
1305	6	41.419920226410596
1305	7	57.50163210136998
1305	8	72.72440437131348
1305	9	126.92334535281582
1305	10	47.08323341607361
1306	6	10.0
1307	1	350.35688014895345
1307	2	273.8800161770571
1307	3	308.1622814723307
1307	4	473.10523328694114
1307	5	528.3075216433866
1307	6	283.2756957695081
1307	7	283.41318422378566
1307	8	522.0418134687427
1307	9	875.2209796885439
1307	10	310.6090006378279
1308	1	341.3623604588857
1308	2	312.7711044017008
1308	3	315.31618486336697
1308	4	521.122500508257
1308	5	502.19103116293616
1308	6	311.19743997422046
1308	7	322.5212976522378
1308	8	529.2899757930163
1308	9	923.5661156535195
1308	10	291.8643467549973
1309	1	300.049904113157
1309	2	284.39442845582073
1309	3	273.5518972592093
1309	4	425.244368633745
1309	5	451.9600932758485
1309	6	285.0093553006717
1309	7	280.2994120452155
1309	8	499.05550827833446
1309	9	876.0421449048285
1309	10	255.8945937581268
1310	1	243.99506750718376
1310	2	219.7341642511974
1310	3	212.5289595640961
1310	4	306.6744949379126
1310	5	383.89232869444595
1310	6	237.82024997162972
1310	7	228.21044753480572
1310	8	458.57457157276804
1310	9	751.1078276968358
1310	10	172.9705888195963
1311	1	281.9140853068245
1311	2	257.5392464432286
1311	3	254.71583829947195
1311	4	365.9732309066055
1311	5	419.61683076964755
1311	6	277.1616849306469
1311	7	265.4033920801411
1311	8	479.81493982226135
1311	9	873.4938841602241
1311	10	246.33561489635213
1312	1	61.70237900241509
1312	2	50.21438783603146
1312	3	90.86856467777348
1312	4	78.36833376802602
1312	5	74.63669893267746
1312	6	45.985782691468415
1312	7	54.804116499708584
1312	8	69.65030853856572
1312	9	143.3578579860664
1312	10	42.35403376942084
1313	1	21.825145788769717
1314	1	387.8627028553962
1314	2	293.9153811979103
1314	3	316.3339048198925
1314	4	521.9177645647405
1314	5	557.3493976601887
1314	6	294.9654160415896
1314	7	271.861299680103
1314	8	537.5534675998989
1314	9	974.449428489002
1314	10	354.2348567695266
1315	1	391.91116941826016
1315	2	336.9287978898801
1315	3	327.3770128595146
1315	4	582.6345863220338
1315	5	544.3275113502077
1315	6	327.13681848002506
1315	7	317.6292934725725
1315	8	545.0685207638414
1315	9	1024.7881245526935
1315	10	345.40102205627875
1316	1	363.3982531465149
1316	2	312.8737740826687
1316	3	289.6930637062845
1316	4	499.30875563952276
1316	5	507.2093406846582
1316	6	305.2846274339615
1316	7	282.4925393704374
1316	8	514.9456720609273
1316	9	978.3427615235153
1316	10	319.12095947274634
1317	1	319.62557742690274
1317	2	252.65666420105663
1317	3	232.86475829880777
1317	4	392.86203800601004
1317	5	451.9862161071969
1317	6	262.4384771067302
1317	7	237.78686477913536
1317	8	474.4223781561504
1317	9	853.4826078481573
1317	10	245.4895398371848
1318	1	369.0444822396772
1318	2	294.9420368394043
1318	3	279.27958889198067
1318	4	463.57944610531433
1318	5	500.0004651021102
1318	6	306.049472633128
1318	7	282.52633576263133
1318	8	495.4710308127924
1318	9	974.8724001013067
1318	10	327.58093322646414
1319	1	64.86716851950418
1319	2	58.60233102759193
1319	3	93.7249939839524
1319	4	83.56970473468078
1319	5	77.05318417517071
1319	6	57.0334753230114
1319	7	61.85179364085016
1319	8	64.0771526482329
1319	9	158.730911093113
1319	10	43.68827540541605
1320	9	62.564223527165666
1321	1	502.42032848752905
1321	2	344.08164766300047
1321	3	352.94580093583977
1321	4	647.0416299964102
1321	5	668.5505936417036
1321	6	335.4358069149556
1321	7	311.1982014664803
1321	8	551.8307054882714
1321	9	1066.155826132166
1321	10	456.74778430335743
1322	1	512.59164520678
1322	2	390.8199222980217
1322	3	367.5184417908311
1322	4	713.9723967170418
1322	5	662.9743256019168
1322	6	370.81606864248755
1322	7	363.76326486020145
1322	8	558.662658237528
1322	9	1111.0971923053266
1322	10	452.9423192579743
1323	1	488.443638554451
1323	2	370.0789554561625
1323	3	332.9917134840667
1323	4	635.106407415456
1323	5	631.5551264511503
1323	6	351.7400715438931
1323	7	334.89880231991833
1323	8	527.7727992540126
1323	9	1058.266220305525
1323	10	430.4982089261655
1324	1	447.1869981214742
1324	2	312.68571540155756
1324	3	278.8794596977297
1324	4	531.2586090396835
1324	5	580.1392620357115
1324	6	311.18545929908856
1324	7	295.821203447314
1324	8	486.41781747926296
1324	9	926.1318393377477
1324	10	359.44734029411325
1325	1	497.22451283068705
1325	2	357.2337780366871
1325	3	327.508249452998
1325	4	602.6502416355743
1325	5	629.9668940294099
1325	6	356.5609969771459
1325	7	345.4375297849265
1325	8	506.59040191285766
1325	9	1039.4827142965526
1325	10	442.8256256892296
1326	6	35.343113243261655
1326	9	169.05237816019465
1327	4	10.0
1327	6	10.0
1327	9	10.0
1328	1	25.492734854698128
1328	4	27.397223389608584
1328	5	31.764161760162985
1328	6	14.70280328183128
1328	8	31.858538480746176
1328	9	22.268736282900754
1329	1	823.6753626332235
1329	2	596.6960677559485
1329	3	569.7522546132961
1329	4	1130.1817657547022
1329	5	1042.5111389620513
1329	6	514.2913208131863
1329	7	443.3776039354608
1329	8	635.735439152264
1329	9	1381.522883936352
1329	10	990.694411516748
1330	1	592.5936364711607
1330	2	433.5835081474646
1330	3	383.3370301031264
1330	4	749.5730221761756
1330	5	740.4059699321597
1330	6	402.45075711895095
1330	7	408.3055755031562
1330	8	534.5711262148991
1330	9	1076.823078825597
1330	10	533.1939701584959
1331	1	541.9501561494956
1331	2	374.26754678654265
1331	3	327.73650649995216
1331	4	635.9887195353832
1331	5	679.3446241581861
1331	6	360.22655687285135
1331	7	368.2851035414102
1331	8	492.49990303277514
1331	9	935.5772519397251
1331	10	456.2549511340769
1332	1	581.5222738403909
1332	2	416.19222668480865
1332	3	374.257329764229
1332	4	696.4748893649072
1332	5	718.1325280605486
1332	6	403.41912986853663
1332	7	415.9487573596462
1332	8	512.04430942415
1332	9	1040.2832090045622
1332	10	532.8561680889162
1333	1	73.12378759284796
1333	2	64.27151382044066
1333	3	123.03226719665983
1333	4	96.8833153023696
1333	5	69.6655352060597
1333	6	70.21085351814304
1333	7	83.65016976527153
1333	8	60.60891374062453
1333	9	166.52198367324624
1333	10	61.377588441039066
1334	1	670.228146063833
1334	2	456.59140078686306
1334	3	441.42364356580066
1334	4	833.272508022227
1334	5	841.0190082606662
1334	6	425.5238626069927
1334	7	442.4891596251743
1334	8	564.4727096345548
1334	9	1082.9039795064766
1334	10	633.8554394697994
1335	1	661.6500549302261
1335	2	497.96373468424235
1335	3	451.63604942740244
1335	4	880.4806960564467
1335	5	815.3622281288481
1335	6	456.6316533260624
1335	7	490.7700129769214
1335	8	570.2790739547578
1335	9	1113.1251028464376
1335	10	617.3936775142291
1336	1	617.5215737260237
1336	2	470.7438326511471
1336	3	411.7439108239114
1336	4	780.5016427148703
1336	5	762.1497924879363
1336	6	432.483227004449
1336	7	455.949270825219
1336	8	538.5416705018141
1336	9	1046.8035414668286
1336	10	581.0420941440127
1337	1	555.51513864667
1337	2	405.8616898503851
1337	3	351.34482467908384
1337	4	654.613876657444
1337	5	687.7262426365344
1337	6	386.1504621008086
1337	7	409.3592423014094
1337	8	496.53157969217955
1337	9	902.6558635738145
1337	10	495.0903895736727
1338	1	584.5079373203043
1338	2	442.0343411829276
1338	3	392.8658082390005
1338	4	703.5178965666728
1338	5	713.8587308589489
1338	6	425.14693679910124
1338	7	450.05064111622625
1338	8	516.2507065717816
1338	9	1005.6820693120728
1338	10	562.8428384425074
1339	1	74.35563179002595
1339	2	59.85517202384898
1339	3	131.56216250575523
1339	4	95.5725729862348
1339	5	60.87612109064561
1339	6	65.36123325610274
1339	7	79.15115121603577
1339	8	63.35215648240839
1339	9	161.5830362271718
1340	5	22.78359066037875
1340	6	24.759241351930427
1340	9	63.01361871563336
1341	1	648.3085587294652
1341	2	465.0817480528649
1341	3	444.6536199934109
1341	4	812.1153539172651
1341	5	805.7762735720345
1341	6	434.8121862562391
1341	7	454.5354739971474
1341	8	569.7849177097424
1341	9	1050.410891258979
1341	10	639.5887491448144
1342	1	634.2568909294728
1342	2	500.9699425575549
1342	3	449.88467308387897
1342	4	852.686103493924
1342	5	772.8898800907568
1342	6	462.0284980854593
1342	7	495.510841802242
1342	8	576.1070807887438
1342	9	1083.5025907499644
1342	10	616.1676836513257
1343	1	586.2505493543667
1343	2	468.5691592467934
1343	3	405.21020963866397
1343	4	747.6470229449892
1343	5	714.2749452070166
1343	6	434.20465691638543
1343	7	453.6114067222347
1343	8	544.929965266502
1343	9	1020.9574942606281
1343	10	573.5543110124728
1344	1	522.0091514435974
1344	2	398.8892310958809
1344	3	340.2948619024627
1344	4	618.3317810154965
1344	5	636.3744182265232
1344	6	384.4549563705958
1344	7	400.28071707305014
1344	8	503.50441951545434
1344	9	881.348329897118
1344	10	482.0887650371377
1345	1	550.4141060323834
1345	2	430.71615078228814
1345	3	377.62463424835306
1345	4	665.4523484485582
1345	5	661.002930928127
1345	6	420.32713832374134
1345	7	434.67030319241326
1345	8	523.8108066395833
1345	9	989.5114680542717
1345	10	545.1042233107084
1346	1	73.12061073876583
1346	2	58.28656265486546
1346	3	127.62504796317306
1346	4	89.72122798299927
1346	5	58.983164250129434
1346	6	59.87977529740371
1346	7	67.24661496158512
1346	8	64.5463635437145
1346	9	158.3656615456007
1346	10	63.54327495178627
1347	1	519.2001740208036
1347	2	349.1972612424107
1347	3	367.4377637545965
1347	4	635.8136551262743
1347	5	577.3079550790899
1347	6	388.9640566601262
1347	7	395.29968605348705
1347	8	584.3959688782573
1347	9	958.577021928679
1347	10	462.9644335059195
1348	1	655.1811223148475
1348	2	512.8957719561029
1348	3	405.6700407308169
1348	4	763.5815242487602
1348	5	783.7969890983163
1348	6	428.8054639594711
1348	7	449.68620681249314
1348	8	576.6341310282971
1348	9	1045.5229483906699
1348	10	655.5938842882971
1349	1	612.9054027448541
1349	2	477.7068700910488
1349	3	421.9657588790027
1349	4	822.6651491696798
1349	5	732.8758927223745
1349	6	448.0117215624562
1349	7	460.867595060549
1349	8	585.5909328973034
1349	9	1090.1448730518648
1349	10	587.0834145077694
1350	1	571.1807816483839
1350	2	443.78054734038494
1350	3	375.2571378952742
1350	4	722.775891143369
1350	5	681.5310011546625
1350	6	418.72955074865735
1350	7	415.8957862617161
1350	8	554.6762972065068
1350	9	1032.8956562913452
1350	10	543.3201010845265
1351	1	514.0765211077128
1351	2	373.14666758469997
1351	3	308.76733221755677
1351	4	599.4887274820487
1351	5	612.1062269520185
1351	6	367.8350501805506
1351	7	360.2368333573619
1351	8	513.3839636352805
1351	9	898.0404459625274
1351	10	451.2340349505374
1352	2	18.657781462332125
1352	8	38.36100261240247
1352	9	35.43576530121794
1352	10	10.0
1353	1	799.6018010018012
1353	2	526.675460943824
1353	3	464.59175202478275
1353	4	978.4342320045383
1353	5	959.6101594172461
1353	6	476.1698805514186
1353	7	363.9959391225061
1353	8	607.8237818096924
1353	9	1272.0700770749452
1353	10	914.9375654519386
1354	1	652.1878908789421
1354	2	435.66229741197276
1354	3	291.15315681060616
1354	4	729.3944387847499
1354	5	606.9038819226404
1354	6	339.5938330622287
1354	7	332.68846665139364
1354	8	517.2802936194705
1354	9	949.3585934905739
1354	10	419.0989503722757
1355	5	54.018971431627364
1355	8	29.29348134432098
1355	9	60.86865346330526
1356	1	704.2116299997692
1356	2	404.2218378209617
1356	3	356.5943667958387
1356	4	824.3617150863992
1356	5	838.3656776782439
1356	6	385.88020273548847
1356	7	354.43652079622916
1356	8	587.2986530851442
1356	9	1079.6648316683427
1356	10	549.8438705366498
1357	1	702.6749922448206
1357	2	440.054067856614
1357	3	360.28782259674233
1357	4	874.6786148149132
1357	5	821.426793946271
1357	6	411.1889671412522
1357	7	395.5663860797247
1357	8	591.2642582783765
1357	9	1110.2785552268263
1357	10	523.1032865792386
1358	1	666.0660074607999
1358	2	408.0623014022341
1358	3	314.6196373718264
1358	4	778.3957849930608
1358	5	777.4956548376047
1358	6	381.7790742773501
1358	7	355.0152444642341
1358	8	557.3026717091147
1358	9	1042.9209667423165
1358	10	477.1366510145799
1359	1	611.685521078431
1359	2	339.1062396043587
1359	3	249.15559927614447
1359	4	656.4436045831642
1359	5	712.4581936276702
1359	6	330.69600217619075
1359	7	304.0940332152656
1359	8	512.6693152264822
1359	9	896.1256725495302
1359	10	382.10725492602296
1360	1	648.0383941987299
1360	2	371.81910347496313
1360	3	286.2793199236608
1360	4	709.174167011233
1360	5	747.617325001802
1360	6	365.4199911455986
1360	7	341.8084759898855
1360	8	529.35730341477
1360	9	994.7479511059678
1360	10	441.18818884917505
1361	1	66.0858630048117
1361	2	61.715093798151784
1361	3	94.8208388663258
1361	4	74.64248696625411
1361	5	103.4544692998018
1361	6	65.9049670122136
1361	7	70.24535257334472
1361	8	54.9610303119172
1361	9	154.37392118337866
1361	10	51.22293739549323
1362	6	25.933800590310113
1363	1	728.7898310564906
1363	2	387.19334078209477
1363	3	328.3169881456104
1363	4	825.3091960636945
1363	5	859.9887716440678
1363	6	364.73203001786885
1363	7	344.7315729902953
1363	8	571.3744324411468
1363	9	1014.9227928744685
1363	10	493.0701126127476
1364	1	717.6262641913839
1364	2	421.07552937437316
1364	3	331.2295839850151
1364	4	866.1103265200658
1364	5	830.3625277308947
1364	6	389.17322699934766
1364	7	387.30770453866836
1364	8	573.0962177963502
1364	9	1036.0086552944058
1364	10	461.35493841612333
1365	1	670.6915638806574
1365	2	386.7691037955293
1365	3	284.58929102519045
1365	4	759.7680644502225
1365	5	772.6628103324429
1365	6	358.8396901169924
1365	7	347.871411693662
1365	8	536.9807310899341
1365	9	959.6423404569407
1365	10	410.28310033994796
1366	1	605.5126678841814
1366	2	315.18538165533573
1366	3	217.99463384809098
1366	4	627.4492820088349
1366	5	693.0780510412724
1366	6	306.80550291887045
1366	7	297.7356138900688
1366	8	490.3156950329302
1366	9	804.5208490762744
1366	10	310.1251686279418
1367	1	630.8311683386996
1367	2	345.0207434403506
1367	3	253.86987092955547
1367	4	669.7518222092235
1367	5	713.2358274753782
1367	6	340.5822969584809
1367	7	335.91804934212223
1367	8	505.125319460321
1367	9	895.6462134577748
1367	10	364.1666059702118
1368	1	62.681377182420086
1368	2	55.790684638674875
1368	3	96.859603419212
1368	4	75.94446783115187
1368	5	104.91437714160134
1368	6	60.76390227190288
1368	7	68.78497652027457
1368	8	56.8738265914169
1368	9	144.17775079213845
1368	10	46.36728079957089
1369	5	66.76678693211751
1369	6	19.924207624960587
1370	1	679.4621267455411
1370	2	351.03039412641203
1370	3	291.9534861978493
1370	4	756.6939922515312
1370	5	781.2828529375462
1370	6	337.41005988502116
1370	7	338.592184529081
1370	8	542.7075828355403
1370	9	899.4620855886269
1370	10	402.60177468554934
1371	1	658.686705782891
1371	2	381.83291311654773
1371	3	293.66493515162745
1371	4	789.2369519443655
1371	5	738.2350215007571
1371	6	361.2526266385128
1371	7	380.65383489551306
1371	8	543.4304562912338
1371	9	917.4053162266256
1371	10	367.32447351472
1372	1	603.0352680699395
1372	2	344.61755027322533
1372	3	245.97941386764404
1372	4	675.7175114792841
1372	5	668.3197744878603
1372	6	330.4862272170049
1372	7	340.5600835688481
1372	8	506.5865534542451
1372	9	839.1207580103628
1372	10	313.31389054896
1373	1	530.210864623263
1373	2	270.38441186865555
1373	3	178.55282878121625
1373	4	537.4720136920587
1373	5	578.0059472039015
1373	6	278.2110193710828
1373	7	289.67219169064424
1373	8	459.4758713801783
1373	9	683.3076765604063
1373	10	210.92227289145558
1374	1	549.1034733361703
1374	2	297.9144555162865
1374	3	213.86362423249165
1374	4	575.2365966512805
1374	5	589.1665653300232
1374	6	311.9604695853432
1374	7	327.0571962005092
1374	8	474.13028329561985
1374	9	774.9448614575235
1374	10	263.50277654949105
1375	1	59.84597277538799
1375	2	51.863000346226045
1375	3	103.86134686672784
1375	4	81.43596936774897
1375	5	94.2591527187921
1375	6	52.30572460925018
1375	7	58.11603349505381
1375	8	61.80522171509449
1375	9	132.49022565224888
1375	10	40.80969180313227
1376	9	33.09791494165308
1377	1	586.7779726185425
1377	2	299.8065691052901
1377	3	252.3184134717887
1377	4	657.7474747832912
1377	5	642.4242288097238
1377	6	310.12932518677826
1377	7	327.5429245179505
1377	8	512.9928869852142
1377	9	786.9331147946605
1377	10	302.6250036403952
1378	1	565.2852652630761
1378	2	330.3622677611256
1378	3	254.9574116186455
1378	4	691.9671227771476
1378	5	598.873829896928
1378	6	334.9114229653395
1378	7	369.0863870826462
1378	8	514.700767023061
1378	9	809.5166626123946
1378	10	269.32263057070986
1379	1	510.3755321611951
1379	2	293.5275628438738
1379	3	208.63626564862517
1379	4	581.6508483847188
1379	5	530.7191232624781
1379	6	305.32463311131926
1379	7	328.6399144059574
1379	8	479.09688871868326
1379	9	736.6414007774608
1379	10	218.14213566116996
1380	1	439.6945705830634
1380	2	220.31960346788594
1380	3	143.01625723564234
1380	4	448.0484639284397
1380	5	444.3790315867939
1380	6	254.45628328980052
1380	7	277.5915431350178
1380	8	433.4598919636837
1380	9	586.875241163476
1380	10	119.39800969009434
1381	1	462.0427951117257
1381	2	249.52083024636295
1381	3	180.57011233928426
1381	4	491.77511192979216
1381	5	461.6252450183184
1381	6	289.82125414166677
1381	7	315.0280353189031
1381	8	449.7961658630094
1381	9	685.0585733210189
1381	10	176.38870092625166
1382	1	60.395309506333305
1382	2	52.713825965248034
1382	3	110.32962661379942
1382	4	88.38895328956912
1382	5	81.80399837761368
1382	6	48.295617629053226
1382	7	48.207441074858025
1382	8	66.0302124471556
1382	9	123.76151911898079
1383	1	20.662529726659486
1383	2	17.567994531299973
1383	6	8.739284649815573
1384	1	516.6421095921472
1384	2	260.08211617617525
1384	3	228.14898037608992
1384	4	598.4352882153737
1384	5	544.0964864763149
1384	6	293.82692430932957
1384	7	317.02471423126235
1384	8	494.6470266047781
1384	9	718.2657329206813
1384	10	232.5472915742887
1385	1	502.42665929215264
1385	2	294.59743693488036
1385	3	234.50001074738503
1385	4	642.1273929121634
1385	5	513.1652986078516
1385	6	320.7769309136973
1385	7	359.51453461872035
1385	8	498.5501044100529
1385	9	747.99111919934
1385	10	205.87465389163822
1386	1	455.2971184893645
1386	2	262.14886011506246
1386	3	192.13859674132675
1386	4	541.6235909939347
1386	5	458.60694608334666
1386	6	293.40792424623356
1386	7	320.21313884269813
1386	8	465.1793387235753
1386	9	682.080973842193
1386	10	161.61819383317516
1387	1	392.6972133292822
1387	2	193.67109355668595
1387	3	130.66147367171084
1387	4	417.9397507044442
1387	5	386.5304881815473
1387	6	244.76798153962278
1387	7	270.4853579739163
1387	8	421.7755103471415
1387	9	538.99291495188
1387	10	69.97569183331188
1388	1	423.22394800130127
1388	2	227.85520608941937
1388	3	172.47082169851956
1388	4	471.4580313421687
1388	5	418.3875968437851
1388	6	282.3324599826402
1388	7	309.38940214165774
1388	8	440.3076688213614
1388	9	643.4710417427258
1388	10	134.12735655898655
1389	1	65.65391581895739
1389	2	55.016652064464864
1389	3	112.34302705967686
1389	4	91.87290776096943
1389	5	76.64916888925029
1389	6	52.34061732740773
1389	7	48.65350628908715
1389	8	66.68408447355833
1389	9	119.3828199955888
1389	10	41.350106060675
1390	1	500.99815569898936
1390	2	253.8817170790009
1390	3	232.73196354598178
1390	4	604.5388476746286
1390	5	543.5936689781109
1390	6	292.3847430546204
1390	7	316.32544858111766
1390	8	491.17342029659767
1390	9	692.5398054360157
1390	10	210.97673592668775
1391	1	493.46888137427135
1391	2	293.37985322500816
1391	3	243.02375333161729
1391	4	655.4056049848675
1391	5	525.542699526483
1391	6	321.0522863468572
1391	7	360.51342106936795
1391	8	496.78754912082695
1391	9	726.3891654108672
1391	10	190.58365191947314
1392	1	452.2598644776105
1392	2	265.6590787324002
1392	3	204.33440930192342
1392	4	560.9948420852828
1392	5	482.739356041183
1392	6	295.20381839568233
1392	7	322.8703423870864
1392	8	464.93844840059455
1392	9	663.9866188874073
1392	10	152.14422103760603
1393	1	394.70214005538975
1393	2	201.5600850129257
1393	3	146.19171379802776
1393	4	442.2061236214459
1393	5	421.07442109897204
1393	6	247.8655179563778
1393	7	274.72278554285117
1393	8	422.848106444274
1393	9	523.7936805313693
1393	10	65.78176055065023
1394	1	429.3069558532597
1394	2	239.68813346130287
1394	3	190.9355074701998
1394	4	499.3378767126181
1394	5	461.82024812623536
1394	6	286.4962067848869
1394	7	315.0929861530896
1394	8	442.47186716331714
1394	9	630.5733384715221
1394	10	134.61606947779637
1395	1	72.95652865765342
1395	2	53.54151650274309
1395	3	109.17525161965568
1395	4	88.67860139633709
1395	5	78.59975833720051
1395	6	59.91189801637711
1395	7	57.96670340438632
1395	8	63.607031995150805
1395	9	118.18006515243665
1395	10	47.4387833281979
1396	4	36.0944242696027
1396	6	21.12638494651236
1397	1	513.1039159403681
1397	2	274.24527373646015
1397	3	257.10705773917266
1397	4	635.2482832598856
1397	5	603.4186847147663
1397	6	298.25606362747124
1397	7	325.4371736329219
1397	8	495.22606303785165
1397	9	683.3642965095438
1397	10	221.55509672188737
1398	1	505.5144474148774
1398	2	315.32270998483006
1398	3	268.2921476289218
1398	4	684.4538092382411
1398	5	587.2595782406721
1398	6	326.9993035483243
1398	7	370.35237829947863
1398	8	501.0172462455859
1398	9	717.5695655202001
1398	10	203.16064192467275
1399	1	463.28230874731355
1399	2	288.50480746824053
1399	3	229.93032243958686
1399	4	587.1950667928126
1399	5	544.6042324289501
1399	6	300.9960289401249
1399	7	333.2063671179244
1399	8	469.1375920301764
1399	9	655.1856821052831
1399	10	166.05421059662945
1400	1	403.8190888631269
1400	2	224.6296885647373
1400	3	171.55128546688923
1400	4	464.48572367813074
1400	5	481.43523554832984
1400	6	253.2902268363684
1400	7	285.3191290625185
1400	8	426.82797377199466
1400	9	514.7428249477391
1400	10	80.39129130931224
1401	1	435.7381752692842
1401	2	262.316265173782
1401	3	215.50912903643132
1401	4	516.7636392621972
1401	5	519.156725854788
1401	6	291.3632322939594
1401	7	325.712382909902
1401	8	446.06717061010767
1401	9	621.07325352811
1401	10	149.33706269269305
1402	1	76.80058738908562
1402	3	103.0380072501406
1402	4	80.58310770023081
1402	5	80.06595427848254
1402	6	62.985890748704094
1402	7	66.29896773861557
1402	8	58.70864741750685
1402	9	118.80464726866137
1402	10	51.010910399828106
1403	1	508.0678812253359
1403	2	291.92564298245094
1403	3	276.3436443066086
1403	4	634.1980132112549
1403	5	644.3779802685344
1403	6	300.5907160555367
1403	7	334.7843731089589
1403	8	496.96551221296096
1403	9	671.9805746930252
1403	10	233.7000239221204
1404	1	495.99856762556254
1404	2	330.33909336375757
1404	3	284.9157975759621
1404	4	676.5646950886261
1404	5	621.0567681801788
1404	6	328.31078164655685
1404	7	378.88230074492526
1404	8	502.0137033776993
1404	9	705.5764082009329
1404	10	213.7241293826603
1405	1	449.2104226279671
1405	2	300.4761830010485
1405	3	243.62609516511998
1405	4	572.4529092449027
1405	5	570.7935778106402
1405	6	301.25228179614993
1405	7	340.7606634007553
1405	8	469.3873219329314
1405	9	642.6746985620894
1405	10	174.81191202855598
1406	1	385.2653194477176
1406	2	233.2647553098207
1406	3	182.07589013078473
1406	4	443.0690090787862
1406	5	499.82373924038063
1406	6	252.49411365900886
1406	7	291.76771441231404
1406	8	426.36256261373296
1406	9	501.84337844964085
1406	10	87.2044477920872
1407	1	412.9203119970862
1407	2	267.4196366763694
1407	3	222.6955384699212
1407	4	489.034547038152
1407	5	529.8003862575284
1407	6	289.55158884825914
1407	7	330.9558489607964
1407	8	444.9523771280054
1407	9	607.9439503064729
1407	10	154.15166720762295
1408	1	450.39459804671344
1408	2	318.1314644558807
1408	3	203.32812295146744
1408	4	520.8973848982167
1408	5	427.6949188807364
1408	6	246.42672911750435
1408	7	309.36292154649504
1408	8	423.79015968407634
1408	9	526.6814270155081
1408	10	92.84256575739505
1409	6	10.0
1409	8	16.60360282903281
1409	9	10.0
1409	10	10.0
1410	9	17.857313370222453
1411	1	611.3116522070493
1411	2	429.646086181587
1411	3	385.4145568617689
1411	4	817.2416894860011
1411	5	813.838143880886
1411	6	387.5844141279855
1411	7	345.9165828542629
1411	8	536.4999713098005
1411	9	873.689007704967
1411	10	601.6579873134672
1412	1	347.78423341281626
1412	2	218.6090882226124
1412	3	170.11014634141634
1412	4	393.1508155279258
1412	5	477.0295941999076
1412	6	246.95524544873592
1412	7	289.49602971853847
1412	8	424.2789430300164
1412	9	491.26651638694494
1412	10	83.04035130175544
1413	1	375.48458738648594
1413	2	250.55681398939146
1413	3	208.35655460436107
1413	4	438.87650746957223
1413	5	505.0135212009511
1413	6	283.9739217012382
1413	7	327.6641746604674
1413	8	443.36023994942127
1413	9	598.4005123953026
1413	10	149.51774322068627
1414	1	63.99101699408556
1414	2	36.06326414094974
1414	3	97.184826052852
1414	5	66.93340715491385
1414	6	49.64321352938555
1414	7	65.67979766954525
1414	8	52.22053138245522
1414	9	121.32137844786324
1414	10	43.07325462227652
1415	3	52.24655994119191
1415	6	8.919723355938544
1415	9	23.392654762634326
1416	1	442.24373829770934
1416	2	265.976637758119
1416	3	254.32676493988703
1416	4	546.6362852527081
1416	5	610.8871904410076
1416	6	291.7179179538435
1416	7	330.64279208292885
1416	8	495.6476350281322
1416	9	653.5188246082345
1416	10	229.25736187302846
1417	1	430.8666599502981
1417	2	301.10620950707573
1417	3	259.0533205558942
1417	4	589.3270711573188
1417	5	584.9025407995919
1417	6	319.5718265539147
1417	7	373.0529138740094
1417	8	501.8145591857999
1417	9	689.0559102223182
1417	10	208.8895591367509
1418	1	386.045756865164
1418	2	268.85324519775264
1418	3	214.61258658140366
1418	4	487.30210383486803
1418	5	533.9604874449966
1418	6	292.9747208300495
1418	7	333.4760759817973
1418	8	470.62607655614477
1418	9	628.3171790825194
1418	10	170.22358453305014
1419	1	325.2891555742699
1419	2	200.214356514428
1419	3	150.664278475959
1419	4	361.68908579690475
1419	5	464.2563525356162
1419	6	245.00089554361352
1419	7	283.28740345242335
1419	8	429.3372886198887
1419	9	489.8366098686193
1419	10	83.50953655896228
1420	1	357.26721978891305
1420	2	233.94827955335023
1420	3	189.6782592991293
1420	4	412.9868355112796
1420	5	497.3427564984087
1420	6	283.152952137149
1420	7	321.5591003862319
1420	8	449.929835594539
1420	9	598.4403592354922
1420	10	151.98747481036003
1421	1	54.9694400023138
1421	2	36.745076155095376
1421	3	102.89301165197374
1421	4	70.59677479814532
1421	5	63.39067947194789
1421	6	44.843703328650776
1421	7	68.20933005374476
1421	8	53.53219470089806
1421	9	119.77819050588198
1421	10	38.135649166132296
1422	1	437.86310525749946
1422	2	257.61978630569297
1422	3	240.32886851293762
1422	4	538.8333476699243
1422	5	620.5408379966794
1422	6	294.77150509314924
1422	7	325.760728734017
1422	8	506.7373537730713
1422	9	657.8550032342187
1422	10	238.88027871667077
1423	1	431.04876468746625
1423	2	296.2474467990223
1423	3	247.25447543900327
1423	4	587.4718455294158
1423	5	600.3372685022003
1423	6	323.98361400416326
1423	7	368.8368819066828
1423	8	514.2662682690896
1423	9	694.760782540768
1423	10	221.09697871517392
1424	1	390.5821626277245
1424	2	267.7351361237724
1424	3	205.23823146366442
1424	4	491.09293975847106
1424	5	554.8500585304854
1424	6	298.73097722808825
1424	7	330.0272781556584
1424	8	484.2972285195512
1424	9	635.3526965145039
1424	10	185.0198151977968
1425	1	333.8724307597554
1425	2	202.99121969663474
1425	3	143.8762378553812
1425	4	370.68105762018837
1425	5	490.09147847919087
1425	6	252.0602180648546
1425	7	280.6883949700841
1425	8	444.0454986110899
1425	9	498.1637603988512
1425	10	100.84225041750847
1426	1	369.5020029400053
1426	2	240.68285337263188
1426	3	185.57220539603622
1426	4	426.6057825450754
1426	5	527.4484250819229
1426	6	291.44750903435346
1426	7	319.8733525849887
1426	8	465.45593344124404
1426	9	608.0200863317498
1426	10	171.75018332978675
1427	2	40.71132293564092
1427	3	113.16448871864684
1427	4	72.29735236779244
1427	6	47.20208115571924
1427	8	58.15579992143981
1427	9	116.03862934145043
1427	10	36.401765875077814
1428	1	12.218038289367982
1428	2	5.944453751712672
1428	4	20.866080477892012
1428	9	17.62373784291455
1428	10	10.0
1429	1	458.0068520376516
1429	2	275.6851059987711
1429	3	244.17827259889566
1429	4	561.8678062045954
1429	5	658.1046391417187
1429	6	306.1302083779971
1429	7	327.00938129136193
1429	8	523.1010402087542
1429	9	670.9542665539738
1429	10	264.8138015741838
1430	1	452.6667802347147
1430	2	317.6169126557939
1430	3	253.51436695125517
1430	4	611.9220432824344
1430	5	638.3101721862225
1430	6	336.0846117960926
1430	7	371.07127060305197
1430	8	530.2984477424116
1430	9	708.9456274214931
1430	10	248.58118031555023
1431	1	413.0609641790329
1431	2	292.04067448604445
1431	3	213.69279954761868
1431	4	516.0380195798328
1431	5	592.1263073619642
1431	6	311.40973830502776
1431	7	333.2262892972892
1431	8	499.6731394595807
1431	9	650.5691239284572
1431	10	213.7506853761504
1432	1	356.6035624582335
1432	2	229.79813344521915
1432	3	154.2616248907916
1432	4	395.2001276963206
1432	5	525.5743856664822
1432	6	265.1422518717736
1432	7	284.8187723372967
1432	8	458.439706797323
1432	9	514.346706055267
1432	10	130.49546700573933
1433	1	391.897424648125
1433	2	269.5002024785519
1433	3	197.58405573963586
1433	4	449.8011844600773
1433	5	560.0828988119266
1433	6	304.7518633032922
1433	7	324.8917935415502
1433	8	478.5499942273862
1433	9	625.0895601763641
1433	10	201.98805574093126
1434	1	35.67751933909683
1434	3	80.81567677027485
1434	4	47.02807493070782
1434	5	48.05605951648778
1434	6	27.46629783028081
1434	7	34.110125086002995
1434	8	41.8041750175733
1434	9	61.334168920221764
1434	10	11.04393920233585
1435	4	10.0
1436	3	62.82008561299246
1436	4	30.9142235482892
1436	6	14.00348618134501
1436	7	16.416275820984254
1436	9	19.279045245615535
1436	10	10.0
1437	1	667.5554299764871
1437	2	490.0350086923388
1437	3	419.5213705826866
1437	4	915.4407044442526
1437	5	913.5107201253411
1437	6	440.1022645965198
1437	7	385.3779278983009
1437	8	604.8945681820658
1437	9	970.7999708815214
1437	10	707.9197493128622
1438	1	426.5625683213901
1438	2	322.4240649524292
1438	3	228.4646168992346
1438	4	521.400131070312
1438	5	598.153327296337
1438	6	323.1224621401683
1438	7	341.8295561763448
1438	8	502.2536987950782
1438	9	670.0802352102276
1438	10	241.82923346469966
1439	1	367.3329493440336
1439	2	258.7532083252656
1439	3	168.47799181157677
1439	4	395.43144769763063
1439	5	524.8130766523975
1439	6	276.04121872160715
1439	7	293.95247964522594
1439	8	458.36024318350275
1439	9	533.745978302198
1439	10	157.19893470729153
1440	1	399.69706805663276
1440	2	296.4908958005772
1440	3	210.9064058768272
1440	4	444.65842485232156
1440	5	552.4469539730491
1440	6	314.69908328847737
1440	7	334.4952419112635
1440	8	475.7310380614999
1440	9	644.1015443962285
1440	10	227.04609921214796
1441	1	64.36894060738982
1441	2	53.66200704601354
1441	3	127.97358559761093
1441	4	75.79125294501092
1441	5	95.90826994368383
1441	6	58.877643569274284
1441	7	75.36989180398362
1441	8	67.75023461156846
1441	9	116.98187420895395
1441	10	36.85161120868267
1442	6	19.55541177039933
1442	8	40.312989750418694
1442	9	19.981797714097276
1443	1	475.08035793464524
1443	2	325.5544520222205
1443	3	267.8974487612447
1443	4	554.8225256686359
1443	5	649.7530759142593
1443	6	325.42933063730675
1443	7	345.03678456266834
1443	8	519.5836099595067
1443	9	705.8893931572803
1443	10	313.4943425860912
1444	1	464.67126381530625
1444	2	363.6160209803748
1444	3	275.51291435615644
1444	4	595.5314241352819
1444	5	618.4237067985484
1444	6	353.54942720280076
1444	7	390.00660510022124
1444	8	521.9006255435295
1444	9	742.4482483031769
1444	10	294.0173273119258
1445	1	419.85719458283614
1445	2	333.34024583958626
1445	3	233.45665288584502
1445	4	490.17466939607993
1445	5	560.9961154015831
1445	6	326.82611166349875
1445	7	352.95695278269903
1445	8	486.40289981215847
1445	9	682.0373612634654
1445	10	255.48748921983838
1446	1	358.17071916630715
1446	2	265.66360480874766
1446	3	171.33947464761548
1446	4	359.95283906882355
1446	5	483.7808555966136
1446	6	278.3264943168096
1446	7	305.2337050095996
1446	8	440.3974409533033
1446	9	543.1421099203835
1446	10	168.121366450109
1447	1	388.3241709229357
1447	2	299.3051478050386
1447	3	211.59577528605757
1447	4	405.4665357247343
1447	5	508.47651864637237
1447	6	315.55242627240176
1447	7	345.88141616488326
1447	8	455.92727360020234
1447	9	650.5466706428663
1447	10	235.13624723373346
1448	2	58.998021156245116
1448	3	125.40961023735196
1448	4	80.7176854589254
1448	5	98.54225927337957
1448	6	58.92011362941838
1448	7	66.27045039124988
1448	8	66.5765395617091
1448	9	124.05727703942924
1448	10	36.549263876006165
1449	10	312.7068195660846
1450	1	447.2008088535109
1450	2	350.633696805619
1450	3	268.02770159310217
1450	4	547.9260090689197
1450	5	572.835444190854
1450	6	348.8777165438338
1450	7	401.2794002236185
1450	8	498.0388921499504
1450	9	733.6919522581736
1450	10	290.2008816024015
1451	1	401.53423444719795
1451	2	316.89535894363183
1451	3	224.25803642286735
1451	4	442.1851107718694
1451	5	517.4730773726908
1451	6	320.89936352745406
1451	7	364.04798585212785
1451	8	462.43420046871955
1451	9	668.8573271773789
1451	10	248.63214955822446
1452	1	339.2292028816042
1452	2	246.06567103206407
1452	3	160.62307058370925
1452	4	312.25117876075063
1452	5	443.1873082884905
1452	6	271.2211653888647
1452	7	316.0707650136516
1452	8	416.6875531587377
1452	9	525.4185031047647
1452	10	158.2305027478344
1453	1	368.9697429088273
1453	2	276.9076318708618
1453	3	199.57857810832337
1453	4	358.689664140089
1453	5	471.57156821911747
1453	6	307.35564871095
1453	7	356.3861323970657
1453	8	432.8281563792509
1453	9	628.2419296813866
1453	10	222.22609460242757
1454	2	59.57178245962187
1454	3	118.35979928224084
1454	4	86.5647882372942
1454	5	91.61721154923342
1454	6	54.780195499751215
1454	7	62.27342534350373
1454	8	61.45387018661518
1454	9	127.97557092713207
1454	10	36.45853934305592
1455	1	29.017196938547215
1455	6	14.378160743983301
1455	9	29.950397289936426
1456	1	439.0316849531905
1456	2	287.9201729011635
1456	3	247.79184362454203
1456	4	467.57276692077176
1456	5	580.4368497503202
1456	6	311.2153646198507
1456	7	365.40409761981846
1456	8	476.7843797140674
1456	9	666.0212946323894
1456	10	290.96776939045117
1457	1	427.5915220939567
1457	2	321.1328739233836
1457	3	253.17660167113917
1457	4	510.08970524047515
1457	5	555.566021234681
1457	6	337.3531140315948
1457	7	409.5578487086606
1457	8	480.34572986115154
1457	9	694.5702819095429
1457	10	265.64332520901826
1458	1	382.0460543181036
1458	2	286.70063751484196
1458	3	209.2850640053648
1458	4	407.53580587634843
1458	5	505.56465235579356
1458	6	308.8326229985361
1458	7	371.52493110460694
1458	8	446.6341781238805
1458	9	626.4092026151798
1458	10	221.34600719186915
1459	1	319.8794958654345
1459	2	215.60132957595545
1459	3	145.74042582199854
1459	4	281.0084923904363
1459	5	436.50363910091323
1459	6	258.73603220037336
1459	7	322.6449720187859
1459	8	402.8993572906902
1459	9	480.193696523239
1459	10	128.32517377756517
1460	1	349.7560256511722
1460	2	246.57919646372363
1460	3	184.97882446834387
1460	4	330.99038826596654
1460	5	469.8263567297787
1460	6	294.5777389650869
1460	7	361.95813849333604
1460	8	421.11573517482657
1460	9	580.8812279349554
1460	10	189.83264447515648
1461	1	389.7908060785955
1461	2	294.8336836343298
1461	3	164.83338907995665
1461	4	367.86534099348455
1461	5	372.2567917194324
1461	6	250.35511789421315
1461	7	340.4870181042111
1461	8	399.8674665737896
1461	9	494.27967552763243
1461	10	123.05441545037138
1462	1	10.0
1462	2	10.0
1462	4	10.973202888523815
1462	5	15.956516816813206
1462	6	10.0
1462	9	10.0
1462	10	10.0
1463	6	11.404935528221756
1464	1	23.72584312376398
1464	3	67.18973070983385
1464	4	45.63314273744808
1464	6	17.58776008384143
1464	7	19.57517818207387
1464	9	44.679217783824846
1464	10	10.0
1465	1	562.107759113919
1465	2	403.2132403238841
1465	3	349.1416716261598
1465	4	690.3706563192447
1465	5	782.6756095569677
1465	6	388.10725070553167
1465	7	377.1234504306748
1465	8	513.8348405038096
1465	9	822.8601890575263
1465	10	609.5597745499531
1466	1	301.18296660236774
1466	2	192.79126929329436
1466	3	135.44692152529797
1466	4	273.32851068918677
1466	5	451.95714464186165
1466	6	246.80699918105802
1466	7	320.52376412072806
1466	8	401.96582471564204
1466	9	437.10874361425175
1466	10	85.22403506798491
1467	1	331.2021971062685
1467	2	225.75545303640445
1467	3	175.5814909684707
1467	4	325.90795411504155
1467	5	485.46082288959985
1467	6	283.19657806881
1467	7	358.39565173875644
1467	8	421.2632524495346
1467	9	541.626634655849
1467	10	145.92359585238
1468	1	64.54426261898627
1468	2	50.13250202105172
1468	3	112.43323778836566
1468	4	87.06978585541378
1468	5	73.38766543315634
1468	6	47.34990910830979
1468	7	75.23946152536791
1468	8	56.98903401200212
1468	9	111.1665244395424
1468	10	35.17088750853719
1469	1	402.6202517690008
1469	2	245.64876524998482
1469	3	228.06783451492032
1469	4	451.36751930829644
1469	5	602.1417124131439
1469	6	289.1550938007713
1469	7	359.64539690377603
1469	8	472.6940097747418
1469	9	593.9422030113604
1469	10	208.06575350571347
1470	1	391.92445069235015
1470	2	282.40147907215896
1470	3	234.97755163903895
1470	4	498.5505725281804
1470	5	577.2630906954802
1470	6	316.402465987448
1470	7	401.17032925992316
1470	8	477.88013023214506
1470	9	630.4014845580364
1470	10	181.80728747958756
1471	1	347.34488813591815
1471	2	251.66913682292767
1471	3	192.59727221303064
1471	4	400.1526800812382
1471	5	526.0056318999765
1471	6	289.17404026476873
1471	7	360.54929344265565
1471	8	445.2913205516934
1471	9	571.5514919963041
1471	10	137.28613394281024
1472	1	286.41602604575655
1472	2	184.3547365878328
1472	3	130.51898966234694
1472	4	277.24804097155993
1472	5	454.53682385086745
1472	6	240.5353064834655
1472	7	309.16106264435564
1472	8	402.15784697665123
1472	9	435.91609863405995
1472	10	44.79036483946243
1473	1	317.85216056615343
1473	2	219.13188148232575
1473	3	171.15351683268955
1473	4	330.3118642821398
1473	5	484.43349903770513
1473	6	277.9820335126435
1473	7	346.08577463239493
1473	8	420.45039576890315
1473	9	548.2878085671016
1473	10	107.60323326578964
1474	1	66.76548389584799
1474	2	49.1629149653029
1474	3	117.90186154237864
1474	4	82.1075887072201
1474	5	72.49290654193241
1474	6	48.142859265558315
1474	7	76.49664975703314
1474	8	62.40969331750449
1474	9	104.05737552676032
1474	10	33.23348839733049
1475	3	73.5639361611441
1475	6	8.819927273481966
1475	9	6.1628861712608725
1475	10	10.0
1476	1	395.26269143746555
1476	2	243.56351634345867
1476	3	224.73626596173426
1476	4	456.0002650514425
1476	5	590.49933046982
1476	6	287.2039230887899
1476	7	345.5007782296623
1476	8	467.73741475856394
1476	9	623.8529916475535
1476	10	178.6879799133278
1477	1	387.1399099906692
1477	2	281.4945723310546
1477	3	231.9106671259304
1477	4	502.96535557019
1477	5	562.6158628095891
1477	6	315.52055790483485
1477	7	386.79613528720364
1477	8	471.330651849497
1477	9	667.4161896514366
1477	10	156.2024006663869
1478	1	345.3937599182086
1478	2	251.76770096432585
1478	3	189.76703620725334
1478	4	404.258494469589
1478	5	508.83260492999773
1478	6	289.32706652306314
1478	7	346.15129027062153
1478	8	437.1360113692239
1478	9	615.0821114741317
1478	10	115.7912745942242
1479	1	287.52680307435423
1479	2	185.28869847090482
1479	3	127.9126830959749
1479	4	280.9844728359778
1479	5	435.42399905703974
1479	6	241.67412303830537
1479	7	294.94810504024326
1479	8	392.4426942132031
1479	9	485.2274045988854
1479	10	27.694998498432597
1480	1	322.21138545812346
1480	2	220.7374862864678
1480	3	168.7740032376637
1480	4	333.6456072814243
1480	5	464.05542933780305
1480	6	280.04320894276646
1480	7	332.2656530539528
1480	8	409.280247997978
1480	9	602.5105116493457
1480	10	95.14154407907904
1481	1	72.49136773261273
1481	2	51.85323075496706
1481	3	124.99969193086582
1481	4	78.89796695541318
1481	5	77.61789334743085
1481	6	51.10420962495945
1481	7	69.87895017540296
1481	8	68.67376053190915
1481	9	110.51749112898841
1481	10	33.14393455461786
1482	1	33.18624369233825
1482	2	16.712318712245406
1482	4	27.13303423579646
1482	8	41.70207939541632
1482	9	14.688319112792719
1483	1	409.9325819264262
1483	2	246.30667147170942
1483	3	223.19917497102273
1483	4	458.1304020414556
1483	5	570.9303501168191
1483	6	291.52277349662654
1483	7	334.03183950042524
1483	8	453.3850465973977
1483	9	686.5218796216681
1483	10	180.88277258938047
1484	1	405.2141649066018
1484	2	284.3697019267262
1484	3	230.74842219538908
1484	4	504.73887845145913
1484	5	544.9170395255722
1484	6	320.38596844073544
1484	7	376.4565844589529
1484	8	456.4738842541759
1484	9	730.5563990551722
1484	10	163.2933418780417
1485	1	366.73305362387043
1485	2	254.67705198755817
1485	3	189.04055263383162
1485	4	405.70644609246983
1485	5	493.7746978029909
1485	6	294.6222892883172
1485	7	337.08185376630104
1485	8	422.117884521439
1485	9	677.4598414908246
1485	10	127.65547244141908
1486	1	311.9144117076198
1486	2	188.1509104793172
1486	3	127.68661423996139
1486	4	282.1358978163984
1486	5	423.7236004587851
1486	6	247.27729891051098
1486	7	287.2652977909444
1486	8	377.6329278250698
1486	9	545.6120614531535
1486	10	44.13124439508988
1487	1	349.35376993164255
1487	2	223.48755585534036
1487	3	169.11326391178534
1487	4	334.5233789639308
1487	5	456.3525756248763
1487	6	285.8297503532604
1487	7	326.0591383500121
1487	8	395.0657515750828
1487	9	659.702268232946
1487	10	115.87170280176178
1488	1	77.94408754037391
1488	2	52.69451566083623
1488	3	129.5453361919386
1488	4	79.4612981706955
1488	5	85.4015580438074
1488	6	53.82561208867341
1488	7	63.044865667344965
1488	8	70.41003230243297
1488	9	128.2132394917306
1488	10	37.14953112385278
1489	4	28.14779838609269
1489	6	14.391651146305207
1489	7	14.580224523111895
1489	9	33.07230750972936
1489	10	10.0
1490	1	442.86511766013643
1490	2	248.48598905469436
1490	3	225.57267303327097
1490	4	458.2155045870179
1490	5	578.0109522848081
1490	6	297.1231041234075
1490	7	332.49639009587054
1490	8	443.2957466464163
1490	9	727.6436836220414
1490	10	212.11334058084663
1491	1	439.0478508531447
1491	2	286.32810028116904
1491	3	233.87838121658433
1491	4	504.5232117541208
1491	5	557.4336865088247
1491	6	325.69575938640185
1491	7	376.4557441914747
1491	8	448.4927001222263
1491	9	764.51625644403
1491	10	197.02332733401704
1492	1	400.87501120719077
1492	2	256.42008147250783
1492	3	192.94126425356387
1492	4	405.14721493618424
1492	5	511.74745781664376
1492	6	299.54230582499764
1492	7	338.5529676188838
1492	8	416.5621928901429
1492	9	703.5872351998202
1492	10	163.30172563396445
1493	1	345.74246003126365
1493	2	189.6947653053976
1493	3	132.3536860804561
1493	4	281.17666103383874
1493	5	447.02690941347703
1493	6	251.7209721325363
1493	7	290.1163618142091
1493	8	374.7762684226358
1493	9	563.4008872297364
1493	10	81.07618204617961
1494	1	382.2301043291059
1494	2	224.8577972302752
1494	3	174.52190009267747
1494	4	333.0960004590285
1494	5	484.71770866531756
1494	6	289.72533279695494
1494	7	330.17074294803933
1494	8	395.12949400733834
1494	9	668.8223113419542
1494	10	153.47499108528405
1495	1	78.89780569260239
1495	2	47.93451953083978
1495	3	130.41667955028197
1495	4	81.80016233011314
1495	5	91.85437390480986
1495	6	54.18013433565014
1495	7	63.206795019749364
1495	8	66.06031404690665
1495	9	144.26687700231247
1495	10	43.82495233843402
1496	4	30.44510123605596
1496	9	47.7059514350408
1496	10	10.0
1497	1	469.123677846353
1497	2	249.56449691433886
1497	3	232.84157605793825
1497	4	454.90229919336775
1497	5	618.6407382567561
1497	6	299.11793682662744
1497	7	339.4406381042448
1497	8	452.82870664140887
1497	9	710.616816591722
1497	10	247.81162371686355
1498	1	461.94251346118494
1498	2	287.4056608609342
1498	3	241.57522786712883
1498	4	500.4152189589556
1498	5	600.8090850238369
1498	6	327.03542492384656
1498	7	383.9677178833987
1498	8	461.1890339871655
1498	9	739.3362953359461
1498	10	230.8458081550193
1499	1	419.91107845816276
1499	2	257.55253699746436
1499	3	200.93783632162263
1499	4	400.1687974548138
1499	5	557.0573712200522
1499	6	300.2493680692161
1499	7	346.4243769792071
1499	8	432.30561108691643
1499	9	670.8223682612912
1499	10	194.6865361488649
1500	1	360.49561411956915
1500	2	190.94144184231857
1500	3	140.5058793491421
1500	4	275.26296919552726
1500	5	493.40837503763805
1500	6	251.83783240992483
1500	7	298.1334652399443
1500	8	393.37922626741465
1500	9	523.7718199785788
1500	10	109.51485383435829
1501	1	392.35763103802606
1501	2	226.2808775796915
1501	3	182.67288696889796
1501	4	326.1969286598587
1501	5	531.2795401174966
1501	6	289.31340605911316
1501	7	338.11891096999705
1501	8	416.3361476684791
1501	9	623.1837792452799
1501	10	178.52336974264176
1502	1	73.70359117400574
1502	2	41.11242921695977
1502	3	129.48242659352098
1502	4	82.5338410393674
1502	5	94.14033845776446
1502	6	51.87813636153621
1502	7	68.93105502322894
1502	8	59.341881480865254
1502	9	146.34526216751098
1502	10	48.50930496227866
1503	2	10.0
1503	4	30.771619622773102
1503	6	11.764900566046634
1503	9	47.364919670404625
1504	1	464.26125135264505
1504	2	251.91006233691127
1504	3	239.97865705293657
1504	4	444.9434815161414
1504	5	660.4793649761223
1504	6	297.6555214760366
1504	7	345.9528491238077
1504	8	479.70921187449875
1504	9	653.0768162998866
1504	10	260.80250596319127
1505	1	452.05317819104556
1505	2	290.19376869036756
1505	3	248.0362294977673
1505	4	489.4795858255425
1505	5	639.464725205812
1505	6	325.44647206386946
1505	7	389.6323484107023
1505	8	489.08565142794674
1505	9	680.07451279716
1505	10	239.48152467993077
1506	1	405.1544778708405
1506	2	260.8511528100253
1506	3	206.56454438451834
1506	4	388.31991070345174
1506	5	591.8533838258501
1506	6	298.66139954306243
1506	7	351.0869219811118
1506	8	460.7230550784676
1506	9	610.9934063848484
1506	10	198.95560526300847
1507	1	341.13339873905034
1507	2	194.81768926213806
1507	3	145.15349420474968
1507	4	262.58965523423024
1507	5	523.7728642950393
1507	6	250.38305402865575
1507	7	301.66227256693844
1507	8	421.8039991827267
1507	9	464.5068759813861
1507	10	109.50143682778412
1508	1	368.74792587338874
1508	2	230.80012346382114
1508	3	186.21437111894807
1508	4	312.8120342536734
1508	5	556.7600681872837
1508	6	288.1252414645856
1508	7	340.4077354922496
1508	8	444.24846216380917
1508	9	565.5631511004655
1508	10	174.40543957115233
1509	1	64.64457868352926
1509	3	128.76567577383616
1509	4	80.41232213621993
1509	5	91.86850839235132
1509	6	48.90128915756017
1509	7	72.59627817221713
1509	8	56.12495607523368
1509	9	133.14201026676216
1509	10	47.712138572104124
1510	3	83.3378040352491
1510	4	28.324417056029105
1510	6	8.930454433668132
1510	9	32.61109684784171
1510	10	10.0
1511	1	430.8897297360853
1511	2	258.71595408135056
1511	3	239.67383174575622
1511	4	430.30436042363294
1511	5	669.9339090134342
1511	6	298.0264003979324
1511	7	344.1646042777669
1511	8	503.0859790995152
1511	9	605.9879640200702
1511	10	246.3055341408176
1512	1	416.63987559581955
1512	2	297.862802776596
1512	3	246.36639324429683
1512	4	474.76620442211447
1512	5	643.5876612947857
1512	6	326.5588523099827
1512	7	386.4640351005113
1512	8	510.05121775749575
1512	9	637.9624106550864
1512	10	222.42107338314327
1513	1	368.3796708993515
1513	2	269.4207582117195
1513	3	203.53983713951192
1513	4	373.7185275320098
1513	5	590.8809793377449
1513	6	300.6024646523414
1513	7	346.577167219116
1513	8	478.90564314141994
1513	9	574.3501775349117
1513	10	179.88061991902578
1514	1	303.6984002596564
1514	2	204.31491068950584
1514	3	140.816394590747
1514	4	248.28784881973422
1514	5	518.0699795608069
1514	6	253.2215256370987
1514	7	295.878055952318
1514	8	436.8932726178251
1514	9	433.66393780784995
1514	10	89.00343518148065
1515	1	331.3585883951695
1515	2	241.23983356345235
1515	3	180.63943250259683
1515	4	298.9936254646414
1515	5	546.8084030685235
1515	6	291.9091429378487
1515	7	333.4428725927377
1515	8	456.00349675262913
1515	9	540.6866045560073
1515	10	153.1050339000974
1516	2	45.67184935374752
1516	3	128.22419205709843
1516	4	77.02559754776186
1516	5	87.31260881238535
1516	6	48.01946085349701
1516	7	69.7245067687646
1516	8	59.693515980218564
1516	9	114.45061223677526
1516	10	42.67762560040693
1517	1	15.572843150828916
1517	2	11.294593496232608
1517	3	82.71392049790298
1517	4	24.966843029234354
1517	9	14.184809426197857
1517	10	10.0
1518	1	397.67311391427216
1518	2	271.9245614835182
1518	3	231.1314769020571
1518	4	418.9284486541032
1518	5	651.0553649169736
1518	6	304.705324194941
1518	7	334.45666877692634
1518	8	504.1717100933386
1518	9	598.3804888932368
1518	10	226.39838005044453
1519	1	386.0162863632036
1519	2	311.9177478986354
1519	3	237.17016783586087
1519	4	464.47669021467226
1519	5	623.2204239062577
1519	6	334.1425736620814
1519	7	376.173265973571
1519	8	507.63331043699424
1519	9	635.3987877578386
1519	10	204.1984867119313
1520	1	340.8446149908084
1520	2	284.25201390962775
1520	3	193.89158522060615
1520	4	364.61351073073786
1520	5	569.8219875914552
1520	6	309.02153486486264
1520	7	335.89424376117523
1520	8	473.1487824933659
1520	9	576.2570786532872
1520	10	163.89434047963414
1521	1	279.66726410995466
1521	2	219.8321795885605
1521	3	130.93175625689605
1521	4	240.43898839488565
1521	5	497.1147079758042
1521	6	262.3845622680865
1521	7	285.00359832647155
1521	8	428.041392437828
1521	9	439.3657236214676
1521	10	75.75080087569631
1522	1	311.1583967332281
1522	2	257.33228144244003
1522	3	170.74271160119963
1522	4	292.44497587560824
1522	5	526.7287069317584
1522	6	301.70480856030986
1522	7	322.58397848876905
1522	8	444.3745708714036
1522	9	549.427916119305
1522	10	143.01768356286038
1523	1	53.625556550595306
1523	2	52.24686110040683
1523	3	126.60459842564114
1523	4	74.81155693974088
1523	5	83.95153539677993
1523	6	50.39722725705238
1523	7	63.692146791495475
1523	8	68.47163205544555
1523	9	102.00723298441387
1523	10	38.004139998945845
1524	1	13.49649089318143
1524	3	80.89538093927703
1524	6	11.282490904406927
1524	7	14.992384581408857
1524	9	10.0
1524	10	10.0
1525	1	389.97182634378413
1525	2	288.8785569822877
1525	3	222.54900572677064
1525	4	416.27164639979605
1525	5	637.6900717821611
1525	6	315.5723935275614
1525	7	324.9004103886698
1525	8	486.74486773264215
1525	9	611.2866313876168
1525	10	227.603943788602
1526	1	382.4916871088827
1526	2	328.8105497176408
1526	3	229.44989376245695
1526	4	463.03085799399736
1526	5	613.1858422437958
1526	6	345.05531563018087
1526	7	367.4579181831523
1526	8	489.27777591833575
1526	9	648.032070803736
1526	10	209.47096082291387
1527	1	341.34518624983025
1527	2	300.8842203357755
1527	3	187.21928550620868
1527	4	364.3006879265928
1527	5	563.4940222560421
1527	6	319.815832410289
1527	7	328.2095832373008
1527	8	454.41763649276936
1527	9	587.8465209280515
1527	10	173.22795811298784
1528	1	283.95599855110675
1528	2	235.99344314905727
1528	3	125.47022392355575
1528	4	241.1660131649486
1528	5	494.7522527287331
1528	6	272.8974458694352
1528	7	278.52717305875586
1528	8	409.49942314359146
1528	9	449.2122626447772
1528	10	89.04478782523506
1529	1	318.9215255228821
1529	2	272.8048485727069
1529	3	166.6276844623144
1529	4	294.1080426679313
1529	5	528.4685617640282
1529	6	311.77865000619744
1529	7	317.4787534632206
1529	8	426.5850249582155
1529	9	556.9255171352163
1529	10	160.07880648222613
1530	1	56.31450702350337
1530	2	50.835838116629645
1530	3	124.10902935675068
1530	4	75.19856301652236
1530	5	83.98247888399163
1530	6	54.58194153499625
1530	7	60.87666582822061
1530	8	77.63618629229194
1530	9	100.826056203258
1530	10	37.01073428834023
1531	4	23.868138130737293
1531	6	15.506819078872923
1531	7	12.944205304493835
1532	1	405.67468659417807
1532	2	300.96693700260886
1532	3	222.9713063741185
1532	4	420.0873431945012
1532	5	651.3351630272784
1532	6	323.49675361017916
1532	7	324.71149113701557
1532	8	474.3798985578613
1532	9	609.282236337098
1532	10	253.9642169171094
1533	1	399.8773204107248
1533	2	339.3508423997121
1533	3	231.43544828004337
1533	4	467.35928492066324
1533	5	630.2816213140405
1533	6	352.0415249699619
1533	7	369.1092673055275
1533	8	479.6440766509709
1533	9	642.493008444628
1533	10	238.02298822986813
1534	1	359.898389885896
1534	2	309.688398845335
1534	3	190.73427486674802
1534	4	369.05763503154026
1534	5	583.6126946014663
1534	6	325.7884699758956
1534	7	331.7660585905993
1534	8	447.8826311421102
1534	9	578.8287869895163
1534	10	203.42334882434443
1535	1	303.16279696619597
1535	2	242.89416355652452
1535	3	130.4462395495592
1535	4	246.28391310119463
1535	5	517.3842454055044
1535	6	277.80570116023904
1535	7	284.0309460967013
1535	8	406.3600972643686
1535	9	436.9149594560504
1535	10	120.29673142501451
1536	1	338.282813505169
1536	2	277.66027381245135
1536	3	172.96363536187846
1536	4	299.53874887654473
1536	5	553.0386591056316
1536	6	315.5976749872495
1536	7	324.94888681459383
1536	8	427.06084297688255
1536	9	541.6842923300824
1536	10	191.77550564094372
1537	1	61.45569604729906
1537	2	41.79105317003868
1537	3	123.27078970521183
1537	4	78.40409736223408
1537	5	86.72605464653631
1537	6	57.95575083132874
1537	7	63.00624573540077
1537	8	82.62704824987898
1537	9	108.22512333606672
1537	10	39.22960478724272
1538	4	27.44273075567608
1538	6	18.598689162199094
1538	7	15.523166459641715
1538	9	11.760548658404856
1539	1	422.8375618637634
1539	2	299.1556613255267
1539	3	232.4997820677234
1539	4	426.3834584477942
1539	5	677.8824176088403
1539	6	324.1640028907314
1539	7	337.9621905750247
1539	8	486.1759602150141
1539	9	588.4058847788671
1539	10	283.28443401421123
1540	1	415.58249512596507
1540	2	335.26522549144875
1540	3	241.65917705772273
1540	4	473.9913561997463
1540	5	656.1747673175411
1540	6	351.78186487561334
1540	7	384.1704375297931
1540	8	495.0830087019139
1540	9	621.11273689115
1540	10	265.3706057159343
1541	1	373.8842145887164
1541	2	303.37148513859773
1541	3	201.44444956277295
1541	4	376.0814690803836
1541	5	608.2248849033657
1541	6	324.7021430097427
1541	7	348.5420532882638
1541	8	466.75789783363473
1541	9	557.7338222333161
1541	10	228.2697440147956
1542	1	315.2356617659026
1542	2	234.43276032482015
1542	3	141.42764600758358
1542	4	253.77006586633456
1542	5	540.1327408036461
1542	6	276.0121461709305
1542	7	302.4045778672904
1542	8	428.38654632270095
1542	9	416.92014130876726
1542	10	142.16850689610737
1543	1	348.3191987273118
1543	2	267.1852003443434
1543	3	184.00042953004646
1543	4	307.5682389790781
1543	5	573.4002062588318
1543	6	313.2321718441082
1543	7	344.7822670362662
1543	8	451.8814662173717
1543	9	523.6049230615374
1543	10	210.26500783928623
1544	1	64.95991007283796
1544	2	35.09328500347938
1544	3	126.34386338112873
1544	4	83.73389964794917
1544	5	89.32824710654572
1544	6	59.07364369461857
1544	7	65.8879193424539
1544	8	81.60415688556932
1544	9	118.6163431396876
1544	10	42.40874693269592
1545	1	426.71033363591164
1545	2	283.84743870382573
1545	3	242.48745382144307
1545	4	436.5551115550999
1545	5	688.7227863484594
1545	6	320.9937454757078
1545	7	361.15645193402133
1545	8	516.6541743983962
1545	9	580.5969023350615
1545	10	289.96395950193073
1546	1	417.5930850917404
1546	2	318.8767951248353
1546	3	250.94575567811535
1546	4	485.0273403114652
1546	5	663.3576172931773
1546	6	348.65868373501934
1546	7	408.088396705353
1546	8	526.3990212590143
1546	9	617.9970693808598
1546	10	267.8495018028797
1547	1	374.21861978264104
1547	2	286.2226073196798
1547	3	209.89321554401693
1547	4	388.0317387421209
1547	5	611.6714919430273
1547	6	321.77842079441785
1547	7	372.96077255335905
1547	8	498.3484828775049
1547	9	559.7770631102145
1547	10	226.5693594991758
1548	1	314.12156994060865
1548	2	216.86807313564373
1548	3	148.93132033157463
1548	4	266.66092949865305
1548	5	539.8631350318728
1548	6	273.43059307929315
1548	7	327.08913123906734
1548	8	459.68459270726623
1548	9	424.462377626439
1548	10	136.40296446171055
1549	1	346.01643589601736
1549	2	249.56800282771087
1549	3	190.4842041981231
1549	4	321.3974270764381
1549	5	569.5297285381711
1549	6	311.12183166154415
1549	7	369.4879210300172
1549	8	482.3292926395444
1549	9	536.8499059199668
1549	10	200.6390029829265
1550	1	65.17645816862202
1550	2	39.37363094798508
1550	3	131.80412426304352
1550	4	89.23250743867136
1550	5	89.12002808400908
1550	6	58.39210600678683
1550	7	64.98641188181426
1550	8	75.61496337259987
1550	9	127.44643282014326
1550	10	45.69143428546667
1551	1	24.799626181083923
1551	2	5.346203181290207
1551	4	38.23165573780351
1551	6	18.553532074329183
1552	1	422.5691943618601
1552	2	268.33439812566
1552	3	245.8150910047696
1552	4	452.8454176081992
1552	5	675.589488021852
1552	6	320.8840030869852
1552	7	384.3967349800333
1552	8	541.4915986323381
1552	9	610.7352428188634
1552	10	270.819327636489
1553	1	413.4205004667529
1553	2	304.8090798551281
1553	3	253.3095961795765
1553	4	501.89683420278755
1553	5	647.8823538857306
1553	6	349.3361716383813
1553	7	430.32489003093093
1553	8	548.5004808962309
1553	9	653.2219029324987
1553	10	246.46260101172925
1554	1	370.2842724369669
1554	2	273.9482170068843
1554	3	211.39583540122055
1554	4	405.2981688434351
1554	5	594.3123829827784
1554	6	323.26163318061043
1554	7	393.9409029401059
1554	8	517.3834446615056
1554	9	599.5979270135583
1554	10	203.50449429702553
1555	1	310.6701727050653
1555	2	206.70952060806053
1555	3	149.707443725335
1555	4	284.10820634915905
1555	5	521.108679056178
1555	6	275.7121676839221
1555	7	346.5686117724406
1555	8	475.39610210772145
1555	9	468.2775572676263
1555	10	112.26795827001934
1556	1	343.26121312975863
1556	2	241.81544556737828
1556	3	190.6975919514163
1556	4	338.77990548578765
1556	5	549.8842861780367
1556	6	314.16909181417935
1556	7	387.2344746006427
1556	8	494.5396780914392
1556	9	583.9646176685941
1556	10	176.0734537728565
1557	4	40.146556091199415
1557	6	17.061418654317634
1557	9	33.675063339818884
1557	10	6.241376498415207
1558	1	422.80172565582103
1558	2	269.1282215582123
1558	3	245.55181353269342
1558	4	468.35898495572883
1558	5	656.2445584774679
1558	6	325.8034640698204
1558	7	395.7286789664822
1558	8	542.9706533661479
1558	9	662.9798500613039
1558	10	248.93252143718667
1559	1	414.8120132795298
1559	2	308.7333860973229
1559	3	253.3432042809606
1559	4	516.2029084996774
1559	5	629.546903191851
1559	6	354.6749033793059
1559	7	439.1919110070775
1559	8	546.6069497324904
1559	9	705.5102644325335
1559	10	226.77413891966785
1560	1	372.8489453891204
1560	2	281.05511054352155
1560	3	211.9665710145536
1560	4	418.11504880715313
1560	5	577.3728258639901
1560	6	328.89433061156655
1560	7	400.228222687404
1560	8	512.3535061171649
1560	9	651.1234050139802
1560	10	186.6277220465713
1561	1	314.3857808846051
1561	2	216.9953704864805
1561	3	151.05431626362906
1561	4	295.17610066138855
1561	5	505.89784448936564
1561	6	281.50599499773926
1561	7	350.1957434965448
1561	8	467.538531195579
1561	9	518.2879481243576
1561	10	98.77547799934587
1562	1	348.07382440094534
1562	2	255.2209379673883
1562	3	193.0525472146448
1562	4	347.87161625842293
1562	5	536.6758918635215
1562	6	319.98827022252124
1562	7	388.158186926812
1562	8	484.22828506775403
1562	9	631.7861726969508
1562	10	166.4868052146519
1563	1	64.0244818413829
1563	2	59.941027348345
1563	3	129.44048471689712
1563	4	89.32890946875503
1563	5	80.41711828896085
1563	6	55.108104722011234
1563	7	55.36661314231873
1563	8	59.74708046797883
1563	9	128.67478731892697
1563	10	53.22575156284461
1564	1	24.074529831770718
1564	8	31.285622245224033
1564	10	9.604314986857474
1565	1	430.35793057594327
1565	2	291.0065774676121
1565	3	252.1682548853716
1565	4	470.63737045731705
1565	5	650.0587672731848
1565	6	330.92528627493346
1565	7	388.689497405687
1565	8	528.0483907563273
1565	9	701.2861952842679
1565	10	253.5492995239498
1566	1	423.0617604221086
1566	2	332.981023537677
1566	3	261.71552129742884
1566	4	516.1195850803883
1566	5	625.834851518618
1566	6	359.3430586349392
1566	7	429.69027362873146
1566	8	531.1788212963031
1566	9	740.1066589311213
1566	10	236.70386991703197
1567	1	381.68158339155735
1567	2	307.37693730315175
1567	3	222.2128676676533
1567	4	415.74468882281525
1567	5	576.1070391330737
1567	6	333.02688675438844
1567	7	388.43246834892915
1567	8	496.9621822520149
1567	9	681.9892068172126
1567	10	202.02134524634948
1568	1	323.70175028085237
1568	2	245.06496307963874
1568	3	163.25758830378675
1568	4	290.67238770615086
1568	5	507.00351819268064
1568	6	285.043453705463
1568	7	336.31660077343236
1568	8	452.72428737977555
1568	9	545.557860865616
1568	10	119.69595494790406
1569	1	357.7913333189939
1569	2	284.68765905604937
1569	3	207.25810443688874
1569	4	341.4689920753825
1569	5	540.0388346900334
1569	6	322.89616204001254
1569	7	372.4468450906498
1569	8	470.516655637752
1569	9	655.7477563971886
1569	10	192.90777344004755
1570	1	66.98591841168079
1570	2	56.72332750183335
1570	3	118.49225987873297
1570	4	83.45646541915593
1570	5	76.21455966411514
1570	6	52.84147013901915
1570	7	52.76110145999735
1570	8	55.381706621922234
1570	9	119.56641953951174
1570	10	53.38116164519917
1571	1	27.363090326280087
1571	2	19.94584004066101
1571	5	38.627887191952965
1571	6	12.856685815971531
1571	7	10.0
1571	9	20.1170203786413
1571	10	8.993193715040604
1572	1	441.04529059630573
1572	2	322.43370922606033
1572	3	272.2534827266516
1572	4	460.72798145180707
1572	5	659.2503734058176
1572	6	332.0102651382499
1572	7	369.34532593064966
1572	8	520.476755894889
1572	9	718.4395204249172
1572	10	295.4291901064736
1573	1	434.09613766307405
1573	2	364.3148160641397
1573	3	283.58348052903636
1573	4	506.00672331824103
1573	5	636.6162354692615
1573	6	359.9345542411879
1573	7	409.85307471988887
1573	8	526.4392973595778
1573	9	756.4163287560059
1573	10	283.1065679008967
1574	1	393.12866320443624
1574	2	338.26154347591813
1574	3	245.7095119305307
1574	4	406.0072823065105
1574	5	588.305099735226
1574	6	333.22560517946556
1574	7	368.49550736718425
1574	8	495.3466152317805
1574	9	698.3092974886855
1574	10	252.50075836747385
1575	1	335.65763563330813
1575	2	275.1657157072946
1575	3	188.19233252563953
1575	4	281.92927407573103
1575	5	520.4594003958752
1575	6	284.97291398473254
1575	7	316.68377063219344
1575	8	454.4541110393505
1575	9	562.7890973530325
1575	10	173.7358643035816
1576	1	370.3788929644987
1576	2	313.6972752841894
1576	3	233.4066230583262
1576	4	334.364180086383
1576	5	554.6144270625829
1576	6	322.6992840626868
1576	7	353.52519158917676
1576	8	475.7386031199927
1576	9	674.808913637831
1576	10	249.92881682332631
1577	1	71.14857139561772
1577	2	46.84936405738068
1577	3	108.82358488197977
1577	4	79.29882267565836
1577	5	74.73189671493328
1577	6	50.991324320039894
1577	7	52.68149496781848
1577	8	55.739797160191046
1577	9	109.45507910649317
1577	10	47.73939047437699
1578	1	456.44505393160637
1578	2	346.6744698542967
1578	3	300.4140968704228
1578	4	462.4012490202159
1578	5	676.6283829229594
1578	6	332.4200979987555
1578	7	354.91110388157847
1578	8	536.2813393479289
1578	9	748.2340439578567
1578	10	357.4067545528303
1579	1	450.7605672743284
1579	2	386.60110498137044
1579	3	311.7986103908518
1579	4	511.80269061125256
1579	5	654.8425960075255
1579	6	360.8922383025832
1579	7	397.6288079210252
1579	8	545.5522374658681
1579	9	791.2981149022091
1579	10	345.28157537832
1580	1	411.20952821020336
1580	2	358.48255359506334
1580	3	273.6463846383544
1580	4	416.4323429784235
1580	5	607.3849163678906
1580	6	334.89840295143944
1580	7	358.7828173377328
1580	8	517.5387517876604
1580	9	738.844120397689
1580	10	314.10675314153275
1581	1	355.2848482091174
1581	2	293.2540273520527
1581	3	215.51095250699012
1581	4	297.40763650665076
1581	5	540.4216700998716
1581	6	287.51604070865096
1581	7	309.7396024456556
1581	8	479.43252572616916
1581	9	609.3925679981193
1581	10	233.99782656228058
1582	1	391.6505777569794
1582	2	329.6275110818225
1582	3	259.76496164522536
1582	4	355.2214057906837
1582	5	575.5064944243034
1582	6	326.25022353447156
1582	7	349.5550479307203
1582	8	503.153894439897
1582	9	727.7267512886986
1582	10	308.07328903395944
1583	1	438.4108363407933
1583	2	382.7803841924016
1583	3	244.18500725418448
1583	4	400.2557121674768
1583	5	479.4836518244259
1583	6	285.08398856445547
1583	7	329.2555606034799
1583	8	487.2378219620535
1583	9	659.4437458400315
1583	10	253.38743512302506
1584	2	15.415318341976587
1584	6	20.901700531901497
1584	7	19.017151613128505
1584	9	31.87501689698794
1584	10	10.0
1585	2	21.954882577998006
1585	8	57.78516756863951
1585	9	47.46991597069136
1586	2	20.896421715734178
1586	3	104.32070729850794
1586	4	49.3307639480075
1586	6	17.69247372380849
1586	7	18.25943922432694
1586	8	51.644646719091725
1587	1	29.12895020527894
1587	2	18.459935887565507
1587	4	48.71161749296033
1587	6	19.334709465191168
1587	8	54.540230213625364
1587	9	32.404277132089476
1587	10	10.0
1588	1	39.31654480939771
1588	2	34.25998912257802
1588	3	111.16931839102548
1588	4	58.215888810498
1588	6	30.752672240673064
1588	7	37.27006276195422
1588	8	58.74199656540682
1588	9	69.29997183878942
1588	10	14.841226902027074
1589	1	10.0
1589	3	67.40368588449937
1589	4	7.400534968031252
1589	6	10.0
1589	7	10.0
1589	8	32.38688657338332
1589	9	10.0
1589	10	10.0
1590	1	746.0301742337101
1590	2	565.9276071455824
1590	3	460.29639828581435
1590	4	843.0772814311939
1590	5	1018.3662562697606
1590	6	451.7535207988234
1590	7	415.84877698778905
1590	8	662.6412037518642
1590	9	1144.018130969027
1590	10	879.9371930669522
1591	1	508.50931005548944
1591	2	392.9411308363333
1591	3	328.41201613905577
1591	4	619.3249512320731
1591	5	711.634203889946
1591	6	383.97919909954203
1591	7	430.49541375000774
1591	8	602.9706771734357
1591	9	952.916830129877
1591	10	381.48580859352796
1592	1	468.6490263682931
1592	2	362.2925004768082
1592	3	284.1483045689661
1592	4	528.2880185341158
1592	5	665.4560346781432
1592	6	359.31610468480187
1592	7	395.24155661863455
1592	8	572.4691294716788
1592	9	900.6241834707791
1592	10	336.8067769937444
1593	1	411.5675071581157
1593	2	294.77536366566403
1593	3	219.64936803683264
1593	4	411.95644963076325
1593	5	599.4042180763327
1593	6	312.91835760380116
1593	7	349.07573620366895
1593	8	531.1665484826826
1593	9	768.8891707168893
1593	10	242.66852106672502
1594	1	445.8566753064767
1594	2	329.08755328384706
1594	3	257.35772935422926
1594	4	470.6705191348098
1594	5	634.9493029079813
1594	6	352.23777136180746
1594	7	390.97395784385776
1594	8	551.0568375703723
1594	9	882.3734234340725
1594	10	302.3554416257766
1595	1	67.81685445543118
1595	2	49.647540969455136
1595	3	126.86428532855598
1595	4	90.24375714988538
1595	5	81.24752144902745
1595	6	54.26615064364884
1595	7	63.17253270470542
1595	8	77.06618006470237
1595	9	124.69692203383258
1595	10	31.91111058481789
1596	1	26.810437003903544
1596	4	38.602174589219516
1596	5	44.30775402008305
1596	6	14.644550527229057
1596	7	15.704787009069548
1596	9	28.547606289162324
1596	10	10.0
1597	1	524.8257523937646
1597	2	350.7487869770778
1597	3	299.4930442202005
1597	4	606.583265008983
1597	5	757.9975930518493
1597	6	364.50590567025336
1597	7	402.839293294409
1597	8	601.9698252535497
1597	9	944.0231245483732
1597	10	355.4459044433976
1598	1	514.6341672034666
1598	2	387.3480862739346
1598	3	302.0954864801391
1598	4	654.3987469317995
1598	5	735.270953679284
1598	6	392.89334736999535
1598	7	447.17262943905433
1598	8	606.4525569265277
1598	9	977.2970691328128
1598	10	324.2782701492266
1599	1	469.45480300829365
1599	2	356.10299831380013
1599	3	255.07312899223098
1599	4	555.1585761600267
1599	5	686.1189318903484
1599	6	366.2744954096969
1599	7	408.89088544214695
1599	8	573.0160304458282
1599	9	912.0374795528544
1599	10	273.98386564566886
1600	1	406.7883101896465
1600	2	287.92618949678354
1600	3	188.0780718335895
1600	4	429.94271488330213
1600	5	616.6540489910859
1600	6	317.6989974678551
1600	7	359.32371750208614
1600	8	528.9608180879679
1600	9	766.8147448550283
1600	10	174.9146546322604
1601	1	435.334775875934
1601	2	321.50268634135637
1601	3	223.58246369496288
1601	4	479.2571681816725
1601	5	648.3890971472109
1601	6	354.6567330738342
1601	7	397.5127482294658
1601	8	546.3234506003989
1601	9	866.5299845192433
1601	10	230.4270385752751
1602	1	62.14294436387189
1602	2	46.88624441746981
1602	3	132.36287388825548
1602	4	87.01850909861426
1602	5	82.53301194087173
1602	6	53.23842362701262
1602	7	64.8906725596633
1602	8	82.32918531282724
1602	9	134.14905987339486
1602	10	36.808457617453314
1603	1	21.169952566736086
1603	2	10.22393630241342
1603	3	87.13252082474526
1603	4	34.44517715832153
1603	6	13.197849988742774
1603	7	16.712668239185746
1603	8	55.137074974529924
1603	9	36.91109822059938
1603	10	10.0
1604	1	497.3485761754786
1604	2	340.4467051182381
1604	3	261.10753856023814
1604	4	585.7597605569689
1604	5	758.2592653267976
1604	6	359.19526191832404
1604	7	397.17250963287296
1604	8	591.3255633177075
1604	9	887.6881927127109
1604	10	276.10527876468745
1605	1	482.027434700682
1605	2	375.97898785264346
1605	3	262.9054631505913
1605	4	624.039036877233
1605	5	730.8304903490476
1605	6	384.96287327714833
1605	7	437.36034514718386
1605	8	594.4649916304109
1605	9	908.5658963096448
1605	10	244.3044815897905
1606	1	432.19591744241404
1606	2	343.6041741339175
1606	3	215.46731173054553
1606	4	515.7370425401535
1606	5	676.9827798566869
1606	6	355.79327517408683
1606	7	395.0422255190884
1606	8	560.0139355193828
1606	9	831.8517448207035
1606	10	194.33053652453418
1607	1	365.4773727773159
1607	2	274.2533715752476
1607	3	148.45232178756646
1607	4	382.13089211834125
1607	5	602.935040041682
1607	6	304.7907042628018
1607	7	341.63599203085676
1607	8	515.270581782247
1607	9	676.3251034069085
1607	10	96.5354458112854
1608	1	390.6848218029375
1608	2	306.63452409836066
1608	3	184.33522039068185
1608	4	423.9118367435151
1608	5	630.3089192521784
1608	6	339.49778398244484
1608	7	376.2682797030536
1608	8	532.2618311302631
1608	9	767.0718268747889
1608	10	154.26102207574195
1609	1	57.65408637184352
1609	2	37.04958113957598
1609	3	130.71806076226864
1609	4	79.74981665873892
1609	5	83.76827074051417
1609	6	50.04020012928615
1609	7	61.10571906047247
1609	8	83.21247739288555
1609	9	134.2925957065156
1609	10	41.41603640012485
1610	1	17.00855030921035
1610	4	27.220157087402526
1610	6	9.917543549811285
1610	7	12.201710899534646
1610	9	35.62186385770094
1610	10	10.0
1611	1	447.8718072534695
1611	2	322.1452217126165
1611	3	225.3409966391626
1611	4	514.5301097351035
1611	5	729.4841542517092
1611	6	338.81424750817825
1611	7	367.7116168170679
1611	8	577.8579633171773
1611	9	770.7361285244551
1611	10	211.84524700506086
1612	1	432.8825377919925
1612	2	356.6883874482047
1612	3	229.0414412271229
1612	4	550.1571883095367
1612	5	699.6064019667438
1612	6	363.4808913059664
1612	7	406.1886023191379
1612	8	581.6740677007595
1612	9	789.2159904095108
1612	10	185.5733605472758
1613	1	384.4035663923979
1613	2	323.4560904612401
1613	3	183.84505631522472
1613	4	440.65360474442366
1613	5	643.9999647385495
1613	6	333.57760636206945
1613	7	362.7512105614795
1613	8	548.0835571931982
1613	9	711.8774394814852
1613	10	141.77658767679418
1614	1	320.05174288805847
1614	2	253.41054267654192
1614	3	119.38478169448615
1614	4	307.3252582413169
1614	5	568.9403902681019
1614	6	282.2248085649344
1614	7	308.84457433289964
1614	8	504.3473813533255
1614	9	557.4778484294744
1614	10	50.709249883249186
1615	1	348.60789227451266
1615	2	285.2883676469802
1615	3	158.1044944905052
1615	4	350.85761343448377
1615	5	596.0873754049783
1615	6	316.97228832319615
1615	7	343.60841896031684
1615	8	522.4540290852476
1615	9	651.0447253653401
1615	10	115.60494020757392
1616	1	55.980476073438425
1616	2	30.15204311735701
1616	3	127.48875965903318
1616	4	76.43818987238487
1616	5	86.86066778291895
1616	6	47.838789999186645
1616	7	54.289581613226005
1616	8	80.69106800056076
1616	9	125.95641931523954
1616	10	42.82973410665764
1617	1	15.802434520587909
1617	4	25.065312957187103
1617	5	50.330942204875
1617	7	5.462841054494959
1617	9	26.507760642415736
1617	10	10.0
1618	1	421.03035685603555
1618	2	300.66616166602665
1618	3	208.94241407757806
1618	4	454.995105969085
1618	5	699.3579118581621
1618	6	318.6856660715588
1618	7	339.14715354331327
1618	8	571.6655392810803
1618	9	672.2460233932997
1618	10	196.14981052459598
1619	1	412.4965750398445
1619	2	335.6745240736592
1619	3	216.21907439413297
1619	4	497.52668659096616
1619	5	672.3483495197746
1619	6	344.84133777100885
1619	7	380.1188576564283
1619	8	576.6578337931292
1619	9	699.0932868513341
1619	10	177.58723426615006
1620	1	370.93318096816114
1620	2	303.17206545811257
1620	3	174.67012516541268
1620	4	395.87403283799216
1620	5	620.2615361224175
1620	6	316.7164307052546
1620	7	339.65400834648045
1620	8	544.1767267175625
1620	9	631.0743413966097
1620	10	141.30853279142934
1621	1	313.7949402745214
1621	2	234.11673490836887
1621	3	113.87843832472231
1621	4	271.1541297349421
1621	5	549.2813541319034
1621	6	267.38664457998
1621	7	289.1266677211854
1621	8	501.45748333359103
1621	9	486.7376488532306
1621	10	57.438483543038956
1622	1	349.6890481520088
1622	2	267.2338110828547
1622	3	156.23669154054903
1622	4	323.8447282027577
1622	5	580.9572198108896
1622	6	304.3509354091501
1622	7	327.5949105406853
1622	8	520.4674802436989
1622	9	590.8935700896302
1622	10	129.0859446526356
1623	1	57.53618705457521
1623	2	34.03636293368437
1623	3	129.53085627131082
1623	4	82.22225409448926
1623	5	92.32357572713806
1623	6	48.987861910606
1623	7	50.96481649266258
1623	8	77.8192424990416
1623	9	115.08045728747761
1623	10	42.984975796160626
1624	1	17.773356805618576
1624	4	32.07610005494351
1624	9	15.79606335053377
1624	10	10.0
1625	1	443.0539802854933
1625	2	287.60732358893694
1625	3	217.29762191444559
1625	4	456.50702472106815
1625	5	699.1877455319946
1625	6	313.30475244505936
1625	7	335.2623297870633
1625	8	571.5716237301781
1625	9	644.8418072799303
1625	10	226.09020874937244
1626	1	440.54378396820687
1626	2	324.6037781483161
1626	3	227.58614898591026
1626	4	508.130085435595
1626	5	677.1321993393666
1626	6	341.8684046002625
1626	7	380.2795624696799
1626	8	576.9029415682571
1626	9	682.2420110217361
1626	10	211.43258039054422
1627	1	404.2450629065064
1627	2	294.18631897914275
1627	3	188.77471292134777
1627	4	414.9891692902376
1627	5	629.7273234580747
1627	6	316.0474908985112
1627	7	343.6899493786346
1627	8	544.6179596180882
1627	9	624.28589651806
1627	10	178.1464791336134
1628	1	351.46615628965446
1628	2	227.26847895390898
1628	3	130.40579066039663
1628	4	297.99795606187234
1628	5	563.0064216819044
1628	6	268.86021682153165
1628	7	296.76764009557456
1628	8	501.9608723306729
1628	9	489.36749961440376
1628	10	96.3094671171159
1629	1	390.68846780071755
1629	2	262.5289802429984
1629	3	174.83652350514853
1629	4	357.4516094889722
1629	5	598.3765896910022
1629	6	307.75237738231306
1629	7	338.4763402000708
1629	8	520.9121543772918
1629	9	602.168328464269
1629	10	169.00233997546343
1630	1	61.388608508956196
1630	2	45.37404273291477
1630	4	93.7269049519483
1630	5	98.03248461660556
1630	6	51.83242628081811
1630	7	54.809678589408406
1630	8	77.79736516925692
1630	9	107.34862357442015
1630	10	45.004236454553535
1631	9	8.796413869490127
1632	1	486.97935342948045
1632	2	288.8991893035918
1632	3	239.74703606356286
1632	4	503.1930715394027
1632	5	723.0926640032098
1632	6	320.7645033907469
1632	7	352.8664106628198
1632	8	571.2964478394131
1632	9	676.5544860243612
1632	10	263.24094453835824
1633	1	482.94940073062554
1633	2	327.6022840903573
1633	3	250.47517037875963
1633	4	556.4635783475824
1633	5	701.3637213402332
1633	6	349.99967480606216
1633	7	398.9133230337524
1633	8	576.2792889667526
1633	9	718.8017530545698
1633	10	245.80547148293738
1634	1	443.8929821165863
1634	2	298.68067229609846
1634	3	211.6734415500602
1634	4	463.55049346085116
1634	5	653.2780233397548
1634	6	324.4796358354897
1634	7	362.6774920166353
1634	8	543.6314951192676
1634	9	664.7193201815211
1634	10	208.9198314174066
1635	1	387.17421095377404
1635	2	233.0173412335618
1635	3	152.89162715603175
1635	4	345.3870691712664
1635	5	584.8572965581288
1635	6	277.21970482554656
1635	7	315.41498302232003
1635	8	500.6217969015044
1635	9	532.7500605816218
1635	10	122.75384299440657
1636	1	421.3630622948212
1636	2	269.2675631783516
1636	3	196.50249231806436
1636	4	402.32666750571804
1636	5	617.5274720123662
1636	6	315.673259439648
1636	7	356.0886486987703
1636	8	519.2545638799852
1636	9	647.6499697233315
1636	10	190.4974852431833
1637	1	65.64442263206142
1637	2	53.86717120906502
1637	3	145.78566898924174
1637	4	102.18938952319411
1637	5	100.82699212861459
1637	6	52.2500312001811
1637	7	61.72665266848796
1637	8	81.53429711023881
1637	9	105.37633007836179
1637	10	48.28252583011529
1638	1	25.961476526964844
1638	2	18.879841238372563
1638	3	101.08632615624363
1638	6	12.2972951536251
1638	9	7.7196401953479175
1639	1	497.33087168802655
1639	2	296.90776948673573
1639	3	256.79001593111536
1639	4	533.6036305481962
1639	5	728.7912753592988
1639	6	325.40316869479415
1639	7	363.45787991516426
1639	8	569.1031450080044
1639	9	724.2911847162076
1639	10	267.4677326751573
1640	1	485.3623630772611
1640	2	335.47611143340083
1640	3	265.38708316207567
1640	4	580.2837693014089
1640	5	701.157044303051
1640	6	353.0127156391089
1640	7	406.02813377114086
1640	8	574.1071239853377
1640	9	766.3711210645147
1640	10	243.95441953287116
