1250	1	365.7727102037879
1250	2	308.1047853214417
1250	3	342.61146657808365
1250	4	507.4170092463611
1250	5	529.5282812327675
1250	6	346.17994144180784
1250	7	383.79894440286284
1250	8	559.0882480788052
1250	9	970.2609991790775
1250	10	388.2422479566552
1251	1	308.7285598079216
1251	2	243.76110370246093
1251	3	281.15603423970595
1251	4	388.99029334656245
1251	5	458.41413574553917
1251	6	296.3992986662776
1251	7	334.1973288898634
1251	8	503.3645190303138
1251	9	815.8811589312222
1251	10	301.3884339749141
1252	1	339.69662452071367
1252	2	276.21961234366955
1252	3	320.8135565361572
1252	4	444.2756797990853
1252	5	495.32444633080974
1252	6	332.712972553064
1252	7	370.62232925198884
1252	8	526.3767133041179
1252	9	924.3361990068722
1252	10	364.2267700519206
1253	1	69.71619512027753
1253	2	60.779134067007135
1253	3	105.97999056235159
1253	4	84.75554491125274
1253	5	143.00242348631136
1253	6	71.1254880994932
1253	7	99.76825371217605
1253	8	143.5272734962752
1253	9	189.82523450739365
1253	10	36.59261013713365
1254	4	57.169034043727166
1255	1	421.3037146731797
1255	2	310.1537526878217
1255	3	369.0466714740341
1255	4	570.2076890221609
1255	5	621.102738561085
1255	6	346.7472973633945
1255	7	379.2966698581354
1255	8	592.2993219640974
1255	9	989.2033527116474
1255	10	439.230546562734
1256	1	413.48317427342374
1256	2	346.3922213205801
1256	3	379.0228095524387
1256	4	628.5681709405117
1256	5	592.4494899792903
1256	6	379.2004765259685
1256	7	428.6124289341034
1256	8	612.8792050969403
1256	9	1043.1657733474394
1256	10	414.3393813787054
1257	1	363.7084638815194
1257	2	305.7601342967434
1257	3	331.8771229592558
1257	4	512.8147653161417
1257	5	536.6493304670502
1257	6	347.866942077888
1257	7	387.2429198271129
1257	8	559.1194555338823
1257	9	969.0506073296006
1257	10	364.4213680669794
1258	1	304.70457448986673
1258	2	241.15936288676104
1258	3	269.69861567017597
1258	4	391.1578703799796
1258	5	464.2085815815876
1258	6	297.26994914774906
1258	7	336.3578347927116
1258	8	502.5574709059049
1258	9	809.9785401236211
1258	10	276.2158644174876
1259	1	333.71006204751166
1259	2	273.33179573889856
1259	3	308.74351778182086
1259	4	443.1160554939436
1259	5	499.68216295265665
1259	6	332.7235675237171
1259	7	371.42642476919184
1259	8	524.822781323675
1259	9	913.7518467197713
1259	10	337.9857869662366
1260	1	67.84095018618223
1260	2	59.31591309417307
1260	3	107.61563196216372
1260	4	83.33244898575784
1260	5	144.6132855032893
1260	6	70.85270722535881
1260	7	100.31326390007129
1260	8	146.08288086450165
1260	9	193.23099938850999
1260	10	38.650163954067494
1261	1	409.85045396968286
1261	2	306.2380625671721
1261	3	355.8710622105545
1261	4	559.164642514889
1261	5	620.7588521829957
1261	6	344.0882067196977
1261	7	375.8788085492637
1261	8	589.1306340176811
1261	9	965.4877746813802
1261	10	411.6309614379794
1262	1	400.4953982159658
1262	2	342.0880118975566
1262	3	365.7392974179646
1262	4	614.4950301563983
1262	5	590.5149415251971
1262	6	375.68292165511616
1262	7	423.83619075395575
1262	8	609.3935181375252
1262	9	1015.6470829533059
1262	10	386.92990045052244
1263	1	349.40016450961633
1263	2	301.054168000673
1263	3	318.62066743262596
1263	4	495.95604265090697
1263	5	533.171697340924
1263	6	343.5375323635212
1263	7	381.18274508474764
1263	8	555.4271475188496
1263	9	938.1365631576539
1263	10	337.5254667985289
1264	1	289.3271250755125
1264	2	236.04653994989147
1264	3	256.60465689871853
1264	4	371.8197911988051
1264	5	459.2724963993811
1264	6	292.19299657096167
1264	7	329.11668801658226
1264	8	498.765057066175
1264	9	776.1374143093756
1264	10	250.15080015216952
1265	1	317.5474385881415
1265	2	267.8163745698137
1265	3	295.94636496473083
1265	4	421.66048606891064
1265	5	493.40880129635383
1265	6	326.9798787545068
1265	7	363.133843533839
1265	8	521.0306936201704
1265	9	877.502405972577
1265	10	313.0575477960577
1266	1	66.49266405655959
1266	2	55.902089361070495
1266	3	107.00995530071754
1266	4	80.95467148825293
1266	5	146.3215131331679
1266	6	69.98824578710806
1266	7	98.98692031535604
1266	8	147.14362794330975
1266	9	193.3341631835453
1266	10	40.322552908744534
1267	6	46.635783915681316
1267	9	106.54774802779352
1268	1	393.26898374558766
1268	2	299.6458080456052
1268	3	344.7341137176813
1268	4	533.9631636968571
1268	5	611.5349665959671
1268	6	336.9670198371397
1268	7	365.432050054716
1268	8	585.8534624236047
1268	9	925.4588503002104
1268	10	391.76203035250256
1269	1	378.6018000201228
1269	2	315.3589502644816
1269	3	341.419129946984
1269	4	564.7021219226252
1269	5	587.093267768919
1269	6	358.82777345698173
1269	7	399.60243069225965
1269	8	599.2008619690425
1269	9	878.0032328941473
1269	10	344.4195880079586
1270	1	328.3960991686139
1270	2	274.1042907069363
1270	3	295.1941104845556
1270	4	446.38349263872203
1270	5	529.4714888524788
1270	6	326.5964052372724
1270	7	356.8323413464159
1270	8	545.5873858530797
1270	9	801.0221535444784
1270	10	297.34366723072276
1271	1	269.542358394119
1271	2	208.94319475521183
1271	3	234.1647695786814
1271	4	322.9662782790386
1271	5	455.5628006788741
1271	6	275.29882053478246
1271	7	304.86484100555793
1271	8	489.3116991965666
1271	9	640.1212801711389
1271	10	212.43822225832392
1272	1	299.28989599617034
1272	2	240.63512104613687
1272	3	274.573907483421
1272	4	374.0079170239745
1272	5	489.96283000803726
1272	6	310.26405842869485
1272	7	339.193923814727
1272	8	511.98418652543194
1272	9	743.1190569276614
1272	10	277.91442861629764
1273	1	71.61077204959221
1273	2	57.85694686086484
1273	3	114.71157010173238
1273	4	83.0016635753017
1273	5	172.19023721257759
1273	6	72.01961716592612
1273	7	110.32729624335566
1273	8	153.63142442472892
1273	9	187.21488096263815
1273	10	43.36846973355462
1274	1	381.0997273293314
1274	2	272.74064220019545
1274	3	326.90668773976586
1274	4	492.4674686365228
1274	5	610.4479617754736
1274	6	321.51239036267555
1274	7	343.61435572273086
1274	8	578.0271063972748
1274	9	798.6885238396094
1274	10	364.49535614844706
1275	1	374.673278487423
1275	2	308.5824232604681
1275	3	338.8081390938942
1275	4	550.2546058641002
1275	5	580.9148708584295
1275	6	353.51680480204277
1275	7	392.29075865368134
1275	8	598.9663924258302
1275	9	852.0242467035469
1275	10	344.47735185513903
1276	1	326.9364345766917
1276	2	267.6860620393693
1276	3	293.8295136206887
1276	4	434.91641396064824
1276	5	524.72175329674
1276	6	321.9914269850321
1276	7	350.699994073703
1276	8	545.6896510920822
1276	9	778.5162633298924
1276	10	299.81443408690063
1277	1	270.57863418561465
1277	2	202.96659730838664
1277	3	234.031969044756
1277	4	314.64811522949117
1277	5	452.3842883303608
1277	6	271.46112740624847
1277	7	300.0149219664262
1277	8	489.7105448383494
1277	9	621.2487046912403
1277	10	217.160270206442
1278	1	302.7873110605344
1278	2	235.17667224601047
1278	3	275.64079007892315
1278	4	368.9310031516628
1278	5	488.45396113227775
1278	6	307.2356674559571
1278	7	335.6981635131643
1278	8	512.6343914299861
1278	9	727.9653778793098
1278	10	284.6868724557761
1279	2	59.87014157547824
1279	3	116.0773920647961
1279	4	85.54991658237604
1279	5	175.3589461991024
1279	6	72.85047642367462
1279	7	109.87454691618879
1279	8	153.77753651026396
1279	9	184.25421727425322
1280	1	40.82413065587157
1281	1	391.1550816713313
1281	2	269.19536707372765
1281	3	331.21006426252234
1281	4	496.8847097662036
1281	5	614.0438369546233
1281	6	320.9585662694377
1281	7	344.27124654533094
1281	8	579.1358729311116
1281	9	794.491799724912
1281	10	375.87958710123496
1282	1	386.4460949923946
1282	2	305.7519623586766
1282	3	344.0167311833045
1282	4	557.5055143378734
1282	5	586.0711098011204
1282	6	353.73439716444665
1282	7	394.24538818641736
1282	8	600.1301344983756
1282	9	851.1986990024037
1282	10	356.7986641881731
1283	1	340.1074941506705
1283	2	265.58435598956646
1283	3	299.83312028950843
1283	4	444.71850469327967
1283	5	531.2822315925886
1283	6	322.9208556197311
1283	7	353.85226197637206
1283	8	546.863806407089
1283	9	780.8309433483573
1283	10	312.74356604334736
1284	1	284.7879131334946
1284	2	201.59164555562083
1284	3	240.70876339168598
1284	4	326.6588535046984
1284	5	460.14543346237275
1284	6	273.0251835497502
1284	7	304.2332428495265
1284	8	490.8553310075054
1284	9	626.4311758324767
1284	10	230.3601024851701
1285	1	317.64259855730927
1285	2	234.5103774987731
1285	3	282.8593088327804
1285	4	382.75690954849404
1285	5	497.16944353326244
1285	6	309.3415904709917
1285	7	340.82236454076605
1285	8	513.7159871472466
1285	9	735.7114666562957
1285	10	297.81932419751126
1286	1	73.77537365621671
1286	2	63.85667732935275
1286	4	89.56857707324104
1286	5	178.41460500576855
1286	6	74.02509608169007
1286	7	111.80951324849364
1286	8	155.0250690596093
1286	9	182.60016043770196
1286	10	44.85640354501993
1287	9	95.97699775298699
1288	1	405.423133902115
1288	2	270.39324479197575
1288	3	339.2032941158786
1288	4	513.449985115386
1288	5	623.8158128313607
1288	6	324.0177268115414
1288	7	350.92475886093837
1288	8	579.8975815306774
1288	9	807.9414616914535
1288	10	386.8774327144685
1289	1	399.67383617564354
1289	2	307.43880072854984
1289	3	351.9769842657531
1289	4	574.0281080903424
1289	5	595.5246734884877
1289	6	356.8640591466614
1289	7	400.9605489917775
1289	8	600.7685996722162
1289	9	865.8849116892079
1289	10	366.507393582686
1290	1	351.8994863531335
1290	2	267.6758672892526
1290	3	307.6177754288645
1290	4	460.7261284657304
1290	5	540.0715418688762
1290	6	325.9943285682523
1290	7	360.39248932448993
1290	8	547.3845574248693
1290	9	796.4449143132426
1290	10	320.9239363552033
1291	1	294.78154893147484
1291	2	203.99622330838605
1291	3	248.1812177299002
1291	4	341.70223797570435
1291	5	467.93367563271585
1291	6	275.91924435104517
1291	7	310.36315090075783
1291	8	491.27192962120074
1291	9	642.6914566637965
1291	10	236.8113299132407
1292	1	325.5185413307182
1292	2	237.13188550574495
1292	3	289.8917702367766
1292	4	396.4223636232365
1292	5	503.63933186466625
1292	6	311.93999444261783
1292	7	346.3137270935126
1292	8	514.0495193030185
1292	9	752.3712768196774
1292	10	302.38396186844517
1293	3	121.97682927559043
1293	4	92.05685481802772
1293	5	180.3390932986556
1293	6	74.17068078799136
1293	7	114.32004729628365
1293	8	157.4840257221765
1293	9	182.97193736968703
1293	10	46.18916321594385
1294	1	405.59866480915724
1294	2	273.08925832812463
1294	3	344.27656480682504
1294	4	521.0238721790076
1294	5	624.773348737549
1294	6	325.15054362000086
1294	7	353.2895446320037
1294	8	580.1718220693233
1294	9	824.7465590400755
1294	10	385.32581997649
1295	1	397.0590942128526
1295	2	309.9835341381655
1295	3	356.23840577631483
1295	4	579.1404573763984
1295	5	594.2866164995124
1295	6	357.369449710602
1295	7	401.95904471681547
1295	8	601.1024085599528
1295	9	882.5457969545563
1295	10	362.9388903219698
1296	1	346.5079747253718
1296	2	269.99698912195936
1296	3	311.02003018294516
1296	4	463.2897027397935
1296	5	536.5582845469523
1296	6	325.83565375948297
1296	7	359.9140711938406
1296	8	547.8226389880033
1296	9	812.946733254106
1296	10	315.43831470344367
1297	1	278.3777328001443
1297	2	212.32133406603754
1297	3	272.3264610733128
1297	4	361.0634330971458
1297	5	480.450543554697
1297	6	283.36254139012794
1297	7	311.5140549843293
1297	8	531.7834879580867
1297	9	765.2689181567486
1297	10	235.44762260714657
1298	1	306.60089318601774
1298	2	245.13232437884355
1298	3	313.14860277287454
1298	4	413.3115487955231
1298	5	513.9294085483494
1298	6	318.71340731154714
1298	7	345.878544032278
1298	8	554.7566637144108
1298	9	874.8966041132329
1298	10	299.45624762133167
1299	1	76.88249465874743
1299	2	68.54073607986618
1299	3	143.2261530783506
1299	4	104.81887065655656
1299	5	185.42496000482413
1299	6	72.73940599969498
1299	7	104.54305155358763
1299	8	179.6680097037646
1299	9	202.1611496279199
1299	10	47.13197476583801
1300	1	380.90028689562394
1300	2	280.0504703579603
1300	3	365.076222393079
1300	4	531.7983801256389
1300	5	629.4651378007313
1300	6	330.19833418472274
1300	7	348.2977214414078
1300	8	621.7170629913326
1300	9	947.9142133450235
1300	10	379.34957444014486
1301	1	371.2369111104647
1301	2	316.6454607859057
1301	3	376.36260849221185
1301	4	588.558205410063
1301	5	597.7028464352745
1301	6	362.01037684081086
1301	7	395.65291540377245
1301	8	642.9976195011368
1301	9	1006.27466972916
1301	10	356.6125735825452
1302	1	320.0507164122269
1302	2	276.41847045181066
1302	3	330.57502606402863
1302	4	471.795758597474
1302	5	539.0966609498798
1302	6	330.1868389082206
1302	7	352.46123585517853
1302	8	590.093993862338
1302	9	937.4303801269632
1302	10	309.1376937395511
1303	1	260.13846752526604
1303	2	212.29539249309713
1303	3	269.8085677357202
1303	4	349.7997010133449
1303	5	464.24198170297086
1303	6	279.2769355152236
1303	7	299.9368954286274
1303	8	534.527051067822
1303	9	784.496887942045
1303	10	223.67557509936017
1304	1	288.80143142369616
1304	2	245.04342674671884
1304	3	310.32579920859865
1304	4	402.155311834076
1304	5	497.77850439526344
1304	6	314.61832139856716
1304	7	333.5914498126186
1304	8	557.908086661361
1304	9	895.2539584094854
1304	10	288.49634126794876
1305	1	77.3431403326003
1305	2	67.69454729635464
1305	3	140.7726330643755
1305	4	103.01606903825315
1305	5	185.9865884439941
1305	6	72.19271995339452
1305	7	103.08832087267035
1305	8	181.27089039342326
1305	9	206.93616661407586
1305	10	45.77177519344636
1306	6	51.7845798070122
1307	1	367.76295816255634
1307	2	280.51946291671584
1307	3	362.2920606496232
1307	4	524.26907558525
1307	5	616.6375354513143
1307	6	327.0379338073006
1307	7	335.52266677239004
1307	8	626.0884887294526
1307	9	972.5265736105658
1307	10	373.13972969893297
1308	1	360.71483208595396
1308	2	317.5871318297807
1308	3	373.93030557394894
1308	4	583.3151240700038
1308	5	587.0423856689914
1308	6	359.49115698645744
1308	7	383.31268878254514
1308	8	647.7487682537749
1308	9	1032.4819908603313
1308	10	352.6942948768687
1309	1	312.6145616781145
1309	2	277.9862603808624
1309	3	328.6656061622122
1309	4	469.32959320618374
1309	5	531.103411834471
1309	6	328.4680852829923
1309	7	340.8636554156284
1309	8	595.1991418811166
1309	9	965.2500440177844
1309	10	307.81390982716397
1310	1	256.20424367218334
1310	2	214.6428356577176
1310	3	268.5883039603982
1310	4	350.5519852647071
1310	5	459.3777357638239
1310	6	278.5087623710324
1310	7	289.3851254938982
1310	8	539.9538767785027
1310	9	813.8975581608667
1310	10	225.20786816598826
1311	1	288.7195064276806
1311	2	248.3199204441686
1311	3	309.952427196382
1311	4	406.5062175588685
1311	5	496.45381946326904
1311	6	314.9379659305726
1311	7	324.37722999527966
1311	8	563.6183973341006
1311	9	926.1535370702395
1311	10	293.0989384382952
1312	1	77.88133747172365
1312	2	68.80455153043431
1312	3	138.70936268361885
1312	4	102.4789137896351
1312	5	187.45034070715872
1312	6	73.99892938590418
1312	7	102.43674283412548
1312	8	181.23819373835903
1312	9	213.18515430284106
1312	10	44.44031677677742
1313	1	46.296139117712116
1314	1	380.5518787133769
1314	2	287.37458497958596
1314	3	365.26650145120414
1314	4	540.9324689166517
1314	5	627.711496710707
1314	6	331.26625489419825
1314	7	331.8606032938879
1314	8	632.3749470624458
1314	9	1006.9254995958516
1314	10	387.6960513205505
1315	1	377.9383679627713
1315	2	325.8438455712116
1315	3	378.22707595637917
1315	4	604.296365943638
1315	5	602.5685123463437
1315	6	365.16436187282096
1315	7	381.91498462747893
1315	8	654.1259694722553
1315	9	1067.5587272795105
1315	10	370.6202950161443
1316	1	334.1899411800862
1316	2	287.7123358494407
1316	3	334.34969161762774
1316	4	494.5786174850982
1316	5	551.0878793671462
1316	6	335.61549400270087
1316	7	341.87489597222384
1316	8	601.6142934952682
1316	9	1000.6935070612678
1316	10	329.0344047069746
1317	1	281.9555578755178
1317	2	225.87958359611977
1317	3	275.6985643936102
1317	4	379.9228826051403
1317	5	483.7293808978392
1317	6	287.1327757913566
1317	7	292.90668462332036
1317	8	546.3546269452528
1317	9	849.366236805446
1317	10	249.58784204880834
1318	1	318.38078221548056
1318	2	261.0799671343183
1318	3	318.500191261245
1318	4	439.75946342337954
1318	5	524.9839785499863
1318	6	325.01362994380617
1318	7	330.4646081136763
1318	8	569.9539641992811
1318	9	961.2834858833376
1318	10	320.44587720737326
1319	1	78.99430673819694
1319	2	71.69955017114685
1319	3	139.87663751112967
1319	4	104.31451261534673
1319	5	189.47166910328644
1319	6	78.00896107501879
1319	7	105.0985303281336
1319	8	180.35581666404588
1319	9	219.07324575236692
1319	10	45.17042839620879
1320	9	133.20857075376537
1321	1	423.7758147654421
1321	2	336.0777624925479
1321	3	380.5052346650822
1321	4	594.2823255490613
1321	5	671.3299292213559
1321	6	342.53268221810674
1321	7	338.96063610928417
1321	8	630.7633397479992
1321	9	1165.4306691143004
1321	10	419.4346489783867
1322	1	423.244073068008
1322	2	375.813474784811
1322	3	394.66585032748264
1322	4	659.7589638632525
1322	5	648.7184550688586
1322	6	377.5218013550223
1322	7	391.3260211076308
1322	8	652.2821080171454
1322	9	1224.228804634849
1322	10	404.0685383610544
1323	1	377.0466554306322
1323	2	374.70590138943953
1323	3	327.7205181465853
1323	4	510.14386948612264
1323	5	572.267255361259
1323	6	336.43724689387653
1323	7	346.0328792579741
1323	8	590.0625272480795
1323	9	1127.92085746445
1323	10	342.2656832775747
1324	1	325.66772412351986
1324	2	313.83326487730096
1324	3	269.99284847342517
1324	4	396.37176715379644
1324	5	506.2032253470396
1324	6	288.7336516302274
1324	7	298.97821365309784
1324	8	534.5200868219433
1324	9	974.1203499288756
1324	10	263.69650796060154
1325	1	362.3032758286017
1325	2	349.8029630140753
1325	3	313.5472214561724
1325	4	456.43758430087513
1325	5	548.0743732187736
1325	6	327.2144501145712
1325	7	338.1942679638534
1325	8	557.8215608801356
1325	9	1083.30436712669
1325	10	334.992086401151
1326	6	43.351449979521966
1326	9	130.06760350827616
1327	4	40.426281390769006
1327	6	36.058153176451
1327	9	56.224217021950004
1328	1	41.34535241384037
1328	4	71.51171335314692
1328	5	88.67716770512543
1328	6	43.547246607882634
1328	8	174.46763627427373
1328	9	91.72146184452626
1329	1	910.3054696251331
1329	2	781.2504837765691
1329	3	679.5607168520942
1329	4	1430.211611978999
1329	5	1216.2784905703238
1329	6	703.9305924642977
1329	7	681.7025626130558
1329	8	1103.2044551545146
1329	9	1759.4273125372715
1329	10	1133.8275682935166
1330	1	767.7069380841992
1330	2	668.104333507408
1330	3	560.0087353769111
1330	4	1208.424202940982
1330	5	1057.373228882847
1330	6	630.1208500644722
1330	7	649.3182614647305
1330	8	1002.7172180088991
1330	9	1579.3068356623662
1330	10	842.6991126192537
1331	1	696.0342112671586
1331	2	589.4464685230155
1331	3	495.7726800719153
1331	4	1070.317935204475
1331	5	981.5362700804362
1331	6	570.9057193577889
1331	7	591.1887949055857
1331	8	932.9238372735599
1331	9	1399.5166499654729
1331	10	729.0261457346076
1332	1	513.8527540793705
1332	2	431.335689445207
1332	3	443.8126967950675
1332	4	712.5738051047161
1332	5	860.1095759683419
1332	6	475.92660713883606
1332	7	505.1738117790827
1332	8	775.3649554554911
1332	9	1183.6649298900684
1332	10	513.3779874704368
1333	1	95.22866443837651
1333	2	96.08462047444812
1333	3	177.614338011084
1333	4	135.40555892510426
1333	5	249.69002936579295
1333	6	97.51761417718384
1333	7	134.14505119068997
1333	8	209.9310522626579
1333	9	249.25159006305884
1333	10	62.162967009959345
1334	1	582.7203230064184
1334	2	454.62668413062505
1334	3	495.01080123104
1334	4	819.4663514084781
1334	5	979.8261186147463
1334	6	482.77336113289255
1334	7	508.73100916002306
1334	8	828.3086435802816
1334	9	1221.7112827657102
1334	10	572.5272899517047
1335	1	545.4876778598679
1335	2	452.6493267220904
1335	3	486.50650837989707
1335	4	786.1787025991426
1335	5	872.6750173394921
1335	6	484.70418821457986
1335	7	534.6226209442414
1335	8	832.3058061381079
1335	9	1252.6846445301653
1335	10	500.4367109252421
1336	1	496.4299590001473
1336	2	413.441758403519
1336	3	441.878339628387
1336	4	670.7988584365208
1336	5	815.7223342686714
1336	6	454.37460035077277
1336	7	494.6899763521333
1336	8	779.2451815461106
1336	9	1179.061516873106
1336	10	455.4265035485998
1337	1	437.99609751326693
1337	2	350.02289495768696
1337	3	382.01314695334014
1337	4	549.5331670921023
1337	5	741.8356912062246
1337	6	404.70643318311954
1337	7	445.08108466584724
1337	8	723.4800040484437
1337	9	1021.176488383281
1337	10	371.7910440126089
1338	1	467.47644576625186
1338	2	383.1449532519117
1338	3	423.15086582966774
1338	4	601.9531959260459
1338	5	775.6504901953921
1338	6	441.0183502543433
1338	7	481.26266361885234
1338	8	746.6273025382784
1338	9	1126.8501180461099
1338	10	437.7738380342226
1339	1	95.68443229611303
1339	2	94.62616221918896
1339	3	180.71059127958642
1339	4	135.02703923466743
1339	5	247.90135198023216
1339	6	96.12255948248014
1339	7	132.8809621502998
1339	8	211.87625072326438
1339	9	248.23360132485354
1340	5	212.06635396110107
1340	6	72.59251496565885
1340	9	161.55199814475102
1341	1	544.9784993645485
1341	2	417.667850306516
1341	3	475.1226534640466
1341	4	720.2814413392645
1341	5	891.3310592224954
1341	6	454.5795554556753
1341	7	488.0751915126567
1341	8	813.9543846088035
1341	9	1188.5049949622155
1341	10	521.778818318053
1342	1	563.5458746125564
1342	2	469.80998194413723
1342	3	501.5829691065753
1342	4	816.5275096068539
1342	5	886.8982532126976
1342	6	497.8653810048969
1342	7	521.8168054059705
1342	8	840.7127516023805
1342	9	1312.5759530043033
1342	10	553.0347839220877
1343	1	513.1696832270586
1343	2	428.8409139914893
1343	3	455.3288099088791
1343	4	699.42725619373
1343	5	828.1087203993153
1343	6	466.2861520929532
1343	7	479.4774052182389
1343	8	787.842624906822
1343	9	1240.2368234096066
1343	10	505.8955681941091
1344	1	453.97593437749674
1344	2	363.79080352660617
1344	3	393.92808829276515
1344	4	576.9962230531389
1344	5	753.0399051129773
1344	6	415.4562268069692
1344	7	427.5766887493252
1344	8	732.2761927287447
1344	9	1083.8948895198132
1344	10	420.3854025804198
1345	1	483.2564156413034
1345	2	395.43531306081496
1345	3	433.64079535632385
1345	4	628.8098780448559
1345	5	786.3433524250694
1345	6	450.70588434484296
1345	7	461.61565138587616
1345	8	755.6231597017184
1345	9	1191.315076205066
1345	10	484.75761979964375
1346	1	95.30146596934759
1346	2	94.13593298928356
1346	3	179.56806119851848
1346	4	133.10471463058335
1346	5	248.45747006813667
1346	6	94.51267997091247
1346	7	129.09899708980657
1346	8	213.29477705250844
1346	9	247.80094732624934
1346	10	63.452239349999395
1347	1	543.046148104368
1347	2	419.90008969527594
1347	3	437.9722229409973
1347	4	650.6219591177046
1347	5	824.1218138430194
1347	6	447.5621808001079
1347	7	443.93731342375673
1347	8	881.1189985800295
1347	9	1175.3568407573764
1347	10	568.192714532787
1348	1	621.0048203719299
1348	2	475.9552789559235
1348	3	466.8098944104135
1348	4	752.3588587650936
1348	5	937.9911767972935
1348	6	469.3879917552562
1348	7	475.47855896022577
1348	8	855.3447743999432
1348	9	1256.5059662060826
1348	10	634.3949872277858
1349	1	602.6410863361527
1349	2	487.83575123816104
1349	3	481.5563563525002
1349	4	815.1674688673829
1349	5	899.9624610105036
1349	6	498.87794948949573
1349	7	513.7734944087163
1349	8	877.5859913694744
1349	9	1315.1954916125628
1349	10	597.0291750005044
1350	1	554.4006799130611
1350	2	446.3479998756163
1350	3	434.6105835917093
1350	4	699.8181551119512
1350	5	843.6447429249007
1350	6	466.80288849867566
1350	7	470.38948715658387
1350	8	824.8051078169373
1350	9	1244.656961125994
1350	10	549.4989794061632
1351	1	335.4088274586319
1351	2	341.249793570549
1351	3	328.8387987856064
1351	4	445.5500207863045
1351	5	702.4863692617977
1351	6	366.7910006233384
1351	7	395.7668613455968
1351	8	717.5455173477735
1351	9	971.4572147661195
1351	10	328.07197921965155
1352	2	27.036690496454924
1352	8	49.38495350910684
1352	9	44.52174164894011
1352	10	97.29221957302002
1353	1	775.911996337363
1353	2	445.6867003164168
1353	3	366.63536210131963
1353	4	905.6666884742851
1353	5	742.6943640438603
1353	6	388.15162366707534
1353	7	301.06254303877864
1353	8	588.5568498815808
1353	9	1100.7405173503248
1353	10	824.1715164865404
1354	1	760.6928037307632
1354	2	434.1161288563729
1354	3	310.9075736746795
1354	4	824.6838296029908
1354	5	673.2156830763095
1354	6	330.94704741456934
1354	7	272.52208744697555
1354	8	595.622408472954
1354	9	975.4338827301754
1354	10	644.050472734544
1355	5	123.87267641832626
1355	8	154.43099398728972
1355	9	116.60017476978726
1356	1	651.642651950274
1356	2	355.25772560757935
1356	3	345.03567785777784
1356	4	773.3795933901051
1356	5	671.9467857305236
1356	6	340.7636213976642
1356	7	319.5191605477257
1356	8	537.3794352679329
1356	9	952.7454467006676
1356	10	595.8133154313582
1357	1	541.3874485332609
1357	2	359.1587511132251
1357	3	351.97247539971636
1357	4	752.7552219495327
1357	5	587.116693875953
1357	6	359.98025768426817
1357	7	377.37207550635924
1357	8	536.3243102978543
1357	9	956.4330754474597
1357	10	457.64802867823875
1358	1	494.8863584564021
1358	2	318.328748891417
1358	3	305.38045079692176
1358	4	638.6320937836169
1358	5	533.3196516264259
1358	6	327.8617711964129
1358	7	335.4910950965633
1358	8	482.50746344663895
1358	9	882.4576985747344
1358	10	409.36870355548615
1359	1	439.04531952649654
1359	2	253.52475298656643
1359	3	243.79317445891445
1359	4	518.7045015593585
1359	5	462.62427870207796
1359	6	276.5784995816032
1359	7	284.4096012837232
1359	8	425.85037561982267
1359	9	723.6724805429868
1359	10	322.6468289033014
1360	1	471.0280930913476
1360	2	285.47048354373226
1360	3	283.4358239446959
1360	4	572.4255548497077
1360	5	499.5081363628294
1360	6	311.43777150500614
1360	7	319.5790151830613
1360	8	447.9670869546106
1360	9	827.8487749639962
1360	10	385.6813078433831
1361	1	76.03412102803297
1361	2	66.20286364205415
1361	3	97.77259355470082
1361	4	86.57601413764539
1361	5	164.76400678002597
1361	6	78.47057912880943
1361	7	101.66571299489564
1361	8	151.00582071107243
1361	9	202.22122041392163
1361	10	48.96369551660803
1362	6	55.15501527595954
1363	1	554.293423941838
1363	2	317.3845029469826
1363	3	332.09256277803803
1363	4	693.3165746415619
1363	5	622.1430327258537
1363	6	321.47888510748317
1363	7	325.8605528778219
1363	8	511.3783611075271
1363	9	881.1552986194444
1363	10	461.2325325683738
1364	1	546.5078218257224
1364	2	352.7491459847132
1364	3	342.2887631351391
1364	4	749.9091366262346
1364	5	591.3545667764051
1364	6	352.74872223041064
1364	7	374.82970104875005
1364	8	531.1596724623653
1364	9	931.8425628638968
1364	10	436.3771208396196
1365	1	496.49598846978364
1365	2	311.1321596605873
1365	3	295.36622190247556
1365	4	632.365801496002
1365	5	532.8762079083508
1365	6	320.3161967762813
1365	7	333.3277692205888
1365	8	476.6104995645176
1365	9	854.8042190311667
1365	10	386.36202686295127
1366	1	436.9834902710817
1366	2	245.4347592393486
1366	3	233.39453507678627
1366	4	508.9135645813666
1366	5	457.23475363605263
1366	6	268.7095460285043
1366	7	282.5133159795063
1366	8	419.26264068241505
1366	9	693.1880939552099
1366	10	297.8964500987938
1367	1	465.21457712956726
1367	2	276.40213908741396
1367	3	272.61270015011013
1367	4	559.0890903139745
1367	5	489.0181506175253
1367	6	303.24677167577613
1367	7	317.8418473891718
1367	8	440.7407083384979
1367	9	794.8154375567406
1367	10	359.2175002013755
1368	1	74.91353667908281
1368	2	64.23166248341401
1368	3	98.66186236609212
1368	4	87.08582032872664
1368	5	166.46009885991782
1368	6	76.97643331149379
1368	7	101.4347624032018
1368	8	152.66866737417232
1368	9	199.41577587402998
1368	10	47.58924173718743
1369	5	130.60638051585292
1369	6	53.365569862130705
1370	1	537.5589453067453
1370	2	305.13219903950045
1370	3	319.92506097920926
1370	4	670.0545380427064
1370	5	596.5827437793164
1370	6	312.44323145670495
1370	7	324.03873806702893
1370	8	502.64412817002085
1370	9	842.5599115353882
1370	10	430.1968282099663
1371	1	526.5053127974649
1371	2	339.44975441250256
1371	3	329.71287139519734
1371	4	723.8393219674465
1371	5	561.2309380718384
1371	6	343.5095343021168
1371	7	372.83296263609736
1371	8	522.0858094790258
1371	9	892.1786809739815
1371	10	404.13029330998245
1372	1	473.5297887247696
1372	2	296.843729418784
1372	3	282.4349525323198
1372	4	603.8557461828328
1372	5	498.59929913487275
1372	6	310.9298355846755
1372	7	331.107494924502
1372	8	467.2889750964534
1372	9	814.4881343924601
1372	10	353.11602607085536
1373	1	411.4178179929994
1373	2	230.24552746732732
1373	3	220.18041021745887
1373	4	478.3884260506127
1373	5	419.30996174502656
1373	6	259.24123781664645
1373	7	280.03732969772193
1373	8	409.7895965688794
1373	9	652.6368686929447
1373	10	263.89099608522855
1374	1	437.4641016593373
1374	2	260.4290991486822
1374	3	259.20666513651844
1374	4	527.0210463212239
1374	5	448.03432490178454
1374	6	293.7691665632993
1374	7	315.0947345870434
1374	8	431.2148919708995
1374	9	754.4382312697853
1374	10	324.7153287351705
1375	1	73.9864400113879
1375	2	62.93934777953041
1375	3	101.23854400165752
1375	4	89.02006354821864
1375	5	164.03704596984267
1375	6	74.35446910058187
1375	7	98.07289904064675
1375	8	155.3578376446227
1375	9	196.1032707195975
1375	10	45.9761309415913
1376	9	109.1418838518155
1377	1	506.0832737345257
1377	2	287.759196487769
1377	3	306.64522511575865
1377	4	636.4798548004547
1377	5	550.5705349895368
1377	6	303.42159785369233
1377	7	320.5475669295946
1377	8	493.55362750897996
1377	9	804.9613148585696
1377	10	395.928256591454
1378	1	494.78576385135784
1378	2	321.99283294743907
1378	3	316.7484022573934
1378	4	690.8347127475424
1378	5	515.0478563402164
1378	6	334.80734124762785
1378	7	369.1656076457426
1378	8	513.3302110559171
1378	9	856.157792138273
1378	10	370.533197245859
1379	1	416.38522286938974
1379	2	263.11253967124975
1379	3	261.0688157339749
1379	4	530.4608953147031
1379	5	469.2274294204038
1379	6	298.36655364708236
1379	7	326.68773826473785
1379	8	467.30727672006424
1379	9	762.0082626754146
1379	10	275.52670139565976
1380	1	355.0020223725947
1380	2	196.86289858984097
1380	3	199.42850948808524
1380	4	406.5722337146747
1380	5	391.28916213770094
1380	6	247.1562876073504
1380	7	275.56301004475756
1380	8	410.30895120064304
1380	9	602.2129504004596
1380	10	187.54181858341866
1381	1	382.2232154162893
1381	2	227.61467253568344
1381	3	239.21740468894944
1381	4	457.23195609961033
1381	5	422.0826276982958
1381	6	282.2334933707893
1381	7	310.63792074291587
1381	8	432.3060796771838
1381	9	706.2400030458448
1381	10	249.86561500992207
1382	1	73.35587825948315
1382	2	66.90994054948803
1382	3	118.49535344850241
1382	4	94.2167156954919
1382	5	173.49819135066423
1382	6	76.01538750978436
1382	7	99.1077221154063
1382	8	150.79089652767033
1382	9	188.3590840874833
1383	1	41.819794073021924
1383	2	53.42642879365417
1383	6	52.840867027440865
1384	1	456.5968246588145
1384	2	257.8922884706452
1384	3	289.75815145934257
1384	4	574.9015259510553
1384	5	534.5514542986687
1384	6	293.87044161369977
1384	7	316.60447628773926
1384	8	496.6808226133337
1384	9	763.9775147638879
1384	10	326.8709064756307
1385	1	447.77358217450694
1385	2	293.4721964449609
1385	3	301.1234195572864
1385	4	632.4770191774703
1385	5	503.31930740442147
1385	6	325.99327400840946
1385	7	365.54427866395645
1385	8	517.2037734011961
1385	9	817.6022171203057
1385	10	303.7299571616277
1386	1	397.69550305159737
1386	2	252.4868786989039
1386	3	255.65569716890337
1386	4	516.9187604987865
1386	5	445.90901259317906
1386	6	294.56868882734324
1386	7	324.0882118395797
1386	8	463.5878056501275
1386	9	744.1189709105536
1386	10	256.0320917109815
1387	1	339.0598617372691
1387	2	187.84550317548295
1387	3	195.42397193975853
1387	4	396.40240391546615
1387	5	372.8203807935971
1387	6	244.11608120668
1387	7	273.412484356003
1387	8	407.34875737941866
1387	9	586.594212881647
1387	10	170.46176104895264
1388	1	369.061748229375
1388	2	220.29145827777262
1388	3	236.65973473449947
1388	4	450.39128139709834
1388	5	408.5815507326345
1388	6	279.94111955111026
1388	7	308.98636272900245
1388	8	430.0924866114235
1388	9	692.7614957023552
1388	10	235.22028846189195
1389	1	75.18074523647132
1389	2	67.73599937877076
1389	3	119.37599846351074
1389	4	95.468392912784
1389	5	172.94527273830067
1389	6	77.6445036016149
1389	7	99.52496155459421
1389	8	152.02570894471728
1389	9	187.53157977866002
1389	10	43.60463597552604
1390	1	451.3148211657708
1390	2	255.8272507330559
1390	3	291.51245460051575
1390	4	577.0438688641519
1390	5	535.5802197629594
1390	6	293.6339161814886
1390	7	316.6323032327101
1390	8	496.51229239695226
1390	9	755.8919528122316
1390	10	319.26044809228637
1391	1	444.76487851338743
1391	2	293.1013159390544
1391	3	304.21758089933536
1391	4	637.0587439791398
1391	5	508.72734713043616
1391	6	326.34071105007376
1391	7	366.1494773231966
1391	8	517.6170005312594
1391	9	810.918806225355
1391	10	298.2545470279315
1392	1	396.6997775182309
1392	2	253.7234509845787
1392	3	259.9983623029163
1392	4	523.5721185667949
1392	5	455.31375539252343
1392	6	295.4331090325459
1392	7	325.2572383106917
1392	8	464.5183988683841
1392	9	738.6281436193864
1392	10	252.53447149732798
1393	1	339.7784776547757
1393	2	190.57085822638444
1393	3	200.90034244611627
1393	4	404.72010340452675
1393	5	385.7650413992015
1393	6	245.4230597827667
1393	7	275.1187869954609
1393	8	408.7259359808437
1393	9	582.0877265718034
1393	10	168.7593549496877
1394	1	371.16691172967086
1394	2	224.357751539663
1394	3	243.13381676028075
1394	4	459.9375615200011
1394	5	424.5483755823476
1394	6	281.6106096582641
1394	7	311.1911585589093
1394	8	431.8408099760884
1394	9	689.0375299832759
1394	10	235.1099813911273
1395	1	77.70057443229098
1395	2	67.27755124336736
1395	3	118.49504367731353
1395	4	94.44946144585799
1395	5	174.80819656428372
1395	6	80.47255523025449
1395	7	102.95702583981593
1395	8	151.9920070304587
1395	9	187.78389652511828
1395	10	45.951255709676815
1396	4	66.60872148176364
1396	6	57.56011351676777
1397	1	455.4677204784696
1397	2	262.79395795204204
1397	3	299.9960754896107
1397	4	587.5522096604193
1397	5	557.1204485271022
1397	6	295.8839813706479
1397	7	319.9958670166735
1397	8	498.9026868570487
1397	9	753.4335331703611
1397	10	322.5806212994942
1398	1	448.89731179782336
1398	2	300.60498519317383
1398	3	313.0049238238289
1398	4	647.0022661222367
1398	5	530.9108093069403
1398	6	328.61651309296263
1398	7	369.76030004745417
1398	8	520.0675934817474
1398	9	808.5813956556581
1398	10	302.2542541665394
1399	1	400.48434940056006
1399	2	261.5340967102144
1399	3	268.89706163313184
1399	4	532.5473276643049
1399	5	477.5475367780443
1399	6	297.6562768120463
1399	7	329.0370639851966
1399	8	466.9586036308418
1399	9	736.2970785065943
1399	10	256.987398484236
1400	1	342.91518108003635
1400	2	198.45762138945042
1400	3	209.71868567693917
1400	4	412.3623001207496
1400	5	407.48744172566313
1400	6	247.5212769963535
1400	7	278.98712105849773
1400	8	411.09158680033875
1400	9	579.6716890668291
1400	10	173.45012594447277
1401	1	373.3904671617492
1401	2	232.09441427768598
1401	3	251.6849369562094
1401	4	465.929453483808
1401	5	445.2425014237355
1401	6	283.51921452573873
1401	7	315.0673307225755
1401	8	434.07570907606726
1401	9	686.4687544956457
1401	10	239.83864962103215
1402	1	79.04449523167392
1402	3	116.6044694550884
1402	4	91.76412628619786
1402	5	176.50642659799962
1402	6	81.77152895363568
1402	7	106.05557297947388
1402	8	151.33905220245975
1402	9	188.65750783776468
1402	10	47.44224837719109
1403	1	453.79240950598864
1403	2	268.8483814514589
1403	3	306.732603785949
1403	4	587.2622505408349
1403	5	572.2463324290634
1403	6	296.93157939058017
1403	7	323.43949210454605
1403	8	500.50659550498585
1403	9	750.2243211458748
1403	10	326.4334270840835
1404	1	445.69885350008633
1404	2	305.75365349745914
1404	3	318.8530536692326
1404	4	644.3871000083176
1404	5	543.6015773000527
1404	6	329.3162318407517
1404	7	372.92605094525607
1404	8	521.4188848350659
1404	9	805.1649755602373
1404	10	305.56937043909517
1405	1	395.7368489506123
1405	2	265.6474623468191
1405	3	273.7497132232231
1405	4	527.6021267952956
1405	5	487.65163762149894
1405	6	297.9972189774848
1405	7	331.87110198770915
1405	8	468.05600772617856
1405	9	732.7045974950383
1405	10	259.688547507931
1406	1	336.64384030942716
1406	2	201.43664203822877
1406	3	213.49314012607368
1406	4	405.14774985392245
1406	5	414.93925639464044
1406	6	247.50441471044127
1406	7	281.44521734344823
1406	8	411.94584293492983
1406	9	575.9471306506057
1406	10	175.49012968545625
1407	1	365.66933448016187
1407	2	233.87265854401568
1407	3	254.32440502700598
1407	4	456.5686948245827
1407	5	450.0610693743473
1407	6	283.1570719482607
1407	7	317.11568644589954
1407	8	434.7091752205524
1407	9	682.6660447937492
1407	10	241.19914569294832
1408	1	397.5658096152745
1408	2	280.4225949197696
1408	3	272.51361617553243
1408	4	462.64271868639685
1408	5	538.1661337765481
1408	6	278.66654039674825
1408	7	315.77919132584935
1408	8	532.6081183055074
1408	9	676.3373635520112
1408	10	213.72011262681414
1409	6	38.135495815405
1409	8	139.49932408820118
1409	9	77.50352094409001
1409	10	15.085097766001
1410	9	111.50088197635563
1411	1	435.141888881197
1411	2	319.54233817391713
1411	3	343.68667754178455
1411	4	602.4474329398474
1411	5	643.8659834290875
1411	6	348.5446010274944
1411	7	357.7907070206887
1411	8	559.1305568825561
1411	9	848.7960228747401
1411	10	409.4417196934952
1412	1	308.1908929312575
1412	2	206.43082397429282
1412	3	231.1536745793892
1412	4	379.7926849092083
1412	5	480.7684404245846
1412	6	266.815656576134
1412	7	304.8394369663516
1412	8	479.4936606450384
1412	9	609.8975578200823
1412	10	178.69984346743774
1413	1	337.23180998625463
1413	2	238.11640757582802
1413	3	271.17803785441635
1413	4	431.13208223417394
1413	5	515.212728598816
1413	6	302.45512217545905
1413	7	340.1631096025748
1413	8	502.42409694807606
1413	9	716.9678361747447
1413	10	244.24911812608417
1414	1	73.8012571555015
1414	2	55.84915834298366
1414	3	112.81779917413267
1414	5	187.36226886664852
1414	6	76.47480911846434
1414	7	112.66616476206553
1414	8	169.65674198296313
1414	9	198.71440975117548
1414	10	45.05270098602436
1415	3	76.45339746819383
1415	6	52.90345518975964
1415	9	112.25064247201821
1416	1	415.7397636149225
1416	2	270.045926376351
1416	3	321.1718410063744
1416	4	549.1755165944573
1416	5	635.6383806450892
1416	6	315.36310128758
1416	7	346.46352424083295
1416	8	569.3272615587862
1416	9	782.1551397812991
1416	10	329.27195911292654
1417	1	407.8815675948233
1417	2	305.83467968735226
1417	3	331.9847876875203
1417	4	606.4105614315314
1417	5	606.0880567480381
1417	6	347.79326036082887
1417	7	395.3762290942817
1417	8	590.6199201064624
1417	9	837.7558199117614
1417	10	308.2746536810203
1418	1	358.58842529558603
1418	2	264.9158701948634
1418	3	285.8100965098704
1418	4	490.3351065154121
1418	5	549.9073036545651
1418	6	316.63112150058623
1418	7	353.82651195040046
1418	8	537.7459285947132
1418	9	766.0308545362378
1418	10	262.4775532849933
1419	1	300.57950729678174
1419	2	200.21971314896012
1419	3	224.73816836854365
1419	4	369.1628294979412
1419	5	477.6252616724055
1419	6	266.4049938027824
1419	7	302.99408130222247
1419	8	482.2259940736649
1419	9	610.0726429969816
1419	10	178.5828969917281
1420	1	331.07484583370984
1420	2	232.51260382335403
1420	3	265.02350631404755
1420	4	422.39672646530437
1420	5	513.8043920136316
1420	6	302.4298087180587
1420	7	338.35296161568476
1420	8	505.67025539581607
1420	9	717.642637493539
1420	10	244.81235740341327
1421	1	70.77086180899511
1421	2	56.12407238337517
1421	3	114.95467114124406
1421	4	80.98386913095854
1421	5	187.3574648681201
1421	6	75.0967918446045
1421	7	113.79178303904337
1421	8	171.11520343963372
1421	9	198.85097924403186
1421	10	43.650384594128326
1422	1	414.28728921221114
1422	2	267.24769483797616
1422	3	316.6086450849516
1422	4	546.5896505135909
1422	5	640.1203442276976
1422	6	316.65513710933396
1422	7	345.06919996822296
1422	8	574.1102618604655
1422	9	784.2906939072639
1422	10	332.26728137660496
1423	1	407.9804240360905
1423	2	304.22579832206407
1423	3	328.1692692111874
1423	4	605.8469174149944
1423	5	612.5355875806049
1423	6	349.5470842883034
1423	7	394.20835549141077
1423	8	595.8659971231808
1423	9	840.3567298931644
1423	10	312.1487068741941
1424	1	360.1677440858166
1424	2	264.57881106516015
1424	3	282.818904633249
1424	4	491.6911234263872
1424	5	558.2094812373113
1424	6	318.8420648703094
1424	7	352.91949795553325
1424	8	543.4066161906713
1424	9	769.0841838562426
1424	10	267.2318022478472
1425	1	303.53476169047684
1425	2	201.20694458636044
1425	3	222.62632342095725
1425	4	372.2872326148076
1425	5	487.60892790690093
1425	6	269.05897965439436
1425	7	302.37599568424713
1425	8	488.2392813990733
1425	9	613.5651275707204
1425	10	184.1995502404738
1426	1	335.27161293571123
1426	2	234.84545687735977
1426	3	263.8235368504059
1426	4	427.09430115374494
1426	5	525.2400427457064
1426	6	305.5037742574982
1426	7	338.045384629282
1426	8	511.9616245920957
1426	9	721.5609980993966
1426	10	251.2552088365283
1427	2	57.51569424430966
1427	3	118.64306220732291
1427	4	81.62919820168756
1427	6	76.15245650019779
1427	8	173.6997251426879
1427	9	198.24078184158515
1427	10	43.3373337383628
1428	1	38.2453869958844
1428	2	44.16102965351553
1428	4	54.18044601808375
1428	9	111.61171750590348
1428	10	15.110598645026254
1429	1	421.17310394809283
1429	2	273.4330014890727
1429	3	318.11353133758735
1429	4	554.488499112329
1429	5	654.091760030691
1429	6	320.77091242057224
1429	7	345.7593191040702
1429	8	580.6864111769976
1429	9	789.4056968291105
1429	10	340.8082096849994
1430	1	415.36749015278497
1430	2	311.5345146691464
1430	3	330.49372118876306
1430	4	614.2271173479708
1430	5	626.6460982468525
1430	6	353.91523973194944
1430	7	395.2336249141962
1430	8	602.3294340725104
1430	9	845.8408305457408
1430	10	321.21686595516206
1431	1	367.8474774438914
1431	2	272.8857920641126
1431	3	285.8895466452035
1431	4	500.2395832629302
1431	5	572.0831292536941
1431	6	323.40665983085876
1431	7	354.2727390097077
1431	8	549.6469218383514
1431	9	774.9190225701167
1431	10	276.72382864532744
1432	1	311.3002872989194
1432	2	210.36439321665912
1432	3	226.35344387640674
1432	4	380.69084913764254
1432	5	500.8728397642599
1432	6	273.76068734313685
1432	7	304.0459012554494
1432	8	494.1458081107926
1432	9	619.7285824870318
1432	10	194.00517441731228
1433	1	342.9229971471019
1433	2	244.68645352915257
1433	3	268.10365483063975
1433	4	435.0478705017956
1433	5	537.5354872275877
1433	6	310.2810709033274
1433	7	340.017231820863
1433	8	517.4261011874542
1433	9	728.0258726000254
1433	10	261.25961599315747
1434	1	63.79889896801292
1434	3	85.89733640083344
1434	4	23.02676038341896
1434	5	101.34357140036586
1434	6	44.211683386511474
1434	7	56.41173303913102
1434	8	138.95286649197493
1434	9	112.70662196726539
1434	10	22.34842894288919
1435	4	12.3584728230547
1436	3	91.78211641795744
1436	4	44.63968483948633
1436	6	46.847829441087306
1436	7	61.43290973445465
1436	9	109.96817649209929
1436	10	14.8074964415203
1437	1	532.5266159229661
1437	2	397.9390865448911
1437	3	387.8465334989027
1437	4	772.4248335429604
1437	5	705.242395351798
1437	6	399.9029218812108
1437	7	387.1242152001937
1437	8	659.5288481492685
1437	9	935.2235295521953
1437	10	556.2910142253961
1438	1	364.65779752974663
1438	2	287.7244326613018
1438	3	284.8189155186984
1438	4	478.7876716309262
1438	5	540.6044750392157
1438	6	326.1601606785955
1438	7	359.7780778812745
1438	8	519.8185015977394
1438	9	756.7428880799655
1438	10	305.32926787994467
1439	1	307.16805351754516
1439	2	224.7174065144933
1439	3	225.09395960341925
1439	4	357.49446839932097
1439	5	467.08615370730604
1439	6	276.2375108158692
1439	7	309.73158987250326
1439	8	463.4129800670826
1439	9	601.5144227247054
1439	10	222.1430863203506
1440	1	337.7946505834483
1440	2	258.37157709725955
1440	3	266.5402048512303
1440	4	410.02430269672175
1440	5	501.41142498987415
1440	6	312.4343004420794
1440	7	345.86263239892344
1440	8	485.76184567637154
1440	9	709.6800349084963
1440	10	288.8380836582117
1441	1	78.07051547005322
1441	2	74.22285025531885
1441	3	138.94454623327542
1441	4	87.47417787384195
1441	5	199.0677714813867
1441	6	81.372689834814
1441	7	112.44342400178186
1441	8	171.92579985169147
1441	9	199.14095782684785
1441	10	42.63756390409671
1442	6	58.27776375346381
1442	8	175.76177245250054
1442	9	112.99293059241715
1443	1	419.23481146115444
1443	2	294.9399649314439
1443	3	320.2810910701415
1443	4	528.8852068882859
1443	5	618.9241109545396
1443	6	326.3576049269165
1443	7	354.7344416150223
1443	8	549.7971704056422
1443	9	777.1349809414116
1443	10	376.14185705072845
1444	1	411.7057300785998
1444	2	331.72559729357226
1444	3	332.076267143785
1444	4	585.446409996452
1444	5	587.5565824365582
1444	6	358.8782679084091
1444	7	404.5174440419417
1444	8	569.7808600382791
1444	9	833.0830627126903
1444	10	355.44741935561035
1445	1	362.4149112892683
1445	2	291.4790321187152
1445	3	286.7122966175559
1445	4	468.2381473586372
1445	5	529.1707464086793
1445	6	327.67321771091787
1445	7	363.826969993455
1445	8	515.4417258719468
1445	9	761.4695643311964
1445	10	309.6966053735319
1446	1	304.08983608774815
1446	2	227.1100392743272
1446	3	226.26295263108238
1446	4	345.4988741628066
1446	5	454.3349219620195
1446	6	277.268320712628
1446	7	313.8327837624103
1446	8	458.31812323721476
1446	9	605.3703608680185
1446	10	225.58024364974852
1447	1	333.9648063889513
1447	2	259.37152073422646
1447	3	266.97067931377865
1447	4	396.76619309029206
1447	5	487.66120039248403
1447	6	312.97825325100365
1447	7	349.9995089111742
1447	8	480.0410616879303
1447	9	712.5326312254831
1447	10	291.31226452239076
1448	2	76.0801930083796
1448	3	138.26888347419737
1448	4	89.21629762558888
1448	5	201.16305126716324
1448	6	81.64094584932299
1448	7	109.61519118747239
1448	8	172.53923946280926
1448	9	202.20784818233943
1448	10	42.81123527417971
1449	10	375.5976297607662
1450	1	405.8027162222194
1450	2	327.3547050299353
1450	3	329.7273836677565
1450	4	569.3277015708388
1450	5	573.2562965636221
1450	6	357.5437024787504
1450	7	408.61577165024676
1450	8	562.6803666128624
1450	9	830.7671754505192
1450	10	353.873358351212
1451	1	356.2220456737813
1451	2	285.93086852954076
1451	3	283.7808558835535
1451	4	451.9888301236857
1451	5	515.5726368925359
1451	6	325.9119395390527
1451	7	367.8634985034108
1451	8	508.3048640232476
1451	9	757.649606135057
1451	10	307.0893204254231
1452	1	297.68666138157914
1452	2	220.4898397460348
1452	3	222.8154641127643
1452	4	329.34744235501176
1452	5	441.7328392909377
1452	6	275.1063250715167
1452	7	317.782961430138
1452	8	451.2692573154625
1452	9	600.005587944168
1452	10	221.94088052781515
1453	1	327.4212416947845
1453	2	251.79946327238628
1453	3	263.08092113708904
1453	4	380.9291894484627
1453	5	476.31324066089746
1453	6	310.4451650745001
1453	7	353.8366896964662
1453	8	473.19985776087685
1453	9	705.6102726920401
1453	10	286.64634316458677
1454	2	76.31836980710969
1454	3	136.06803661286958
1454	4	91.27144526728327
1454	5	200.00825845463356
1454	6	80.48718987962614
1454	7	108.52177993758869
1454	8	171.81002780367734
1454	9	204.20132149761844
1454	10	43.056858396169616
1455	1	48.097865222633615
1455	6	57.02513079326235
1455	9	117.70476123479247
1456	1	407.0521443087198
1456	2	282.2305059415145
1456	3	313.8373630504826
1456	4	499.35455430824203
1456	5	597.7560408861605
1456	6	322.0324888694314
1456	7	362.1904825864933
1456	8	537.2704239786628
1456	9	764.9023342295388
1456	10	367.92988323789086
1457	1	399.1724995546009
1457	2	317.3675232054253
1457	3	324.8740985576991
1457	4	556.5304909661177
1457	5	568.5844161718733
1457	6	353.8791538189791
1457	7	411.69602140118116
1457	8	557.6771873627406
1457	9	818.1270609254447
1457	10	345.24731971430174
1458	1	349.6330052605192
1458	2	275.7077611992022
1458	3	278.88613412501263
1458	4	440.2751991561586
1458	5	512.7234958004708
1458	6	322.06306395328056
1458	7	370.6712371552736
1458	8	503.94535235440225
1458	9	743.8784971770392
1458	10	297.53556255770235
1459	1	291.1447018267114
1459	2	210.17506160640784
1459	3	217.95145375719264
1459	4	318.7920616860549
1459	5	440.6601151808414
1459	6	271.1151959818197
1459	7	320.2837690779037
1459	8	447.59376664839624
1459	9	585.2904070995793
1459	10	211.49659921476362
1460	1	320.9255186578117
1460	2	241.5308931894093
1460	3	258.313093762906
1460	4	371.578568348211
1460	5	476.91959216820226
1460	6	306.3544919552966
1460	7	355.99674903521804
1460	8	470.2301304797726
1460	9	690.1688874913834
1460	10	275.35610065815456
1461	1	369.43888083830814
1461	2	277.3113229682007
1461	3	254.70497967703426
1461	4	387.8067230993309
1461	5	494.18739344529956
1461	6	280.5500806853481
1461	7	330.8006531509608
1461	8	500.8560637314688
1461	9	645.1396294724206
1461	10	241.11558816481664
1462	1	16.486104116965002
1462	2	44.433370557784
1462	4	33.294732864880096
1462	5	85.62425509586649
1462	6	39.48374267707
1462	9	58.974968464510006
1462	10	34.209879590611
1463	6	45.8515610721754
1464	1	21.762462234812755
1464	3	79.33894006882352
1464	4	90.52352704845237
1464	6	58.82657943578609
1464	7	91.32662803430513
1464	9	123.03388654037046
1464	10	40.309366278466
1465	1	410.89092572172643
1465	2	315.3651441100565
1465	3	326.63346957949295
1465	4	536.5061810036933
1465	5	608.14094466255
1465	6	349.27025356804904
1465	7	372.8403109921568
1465	8	527.8060734919782
1465	9	811.333085960897
1465	10	429.2517739962909
1466	1	274.62389520835296
1466	2	186.38689783177998
1466	3	210.62995271737273
1466	4	307.5849972819201
1466	5	465.7917744054624
1466	6	263.10398053742813
1466	7	316.225779046719
1466	8	447.4956077340036
1466	9	582.265937933926
1466	10	166.30376377159885
1467	1	304.45323028362867
1467	2	218.4180771452677
1467	3	251.29629079400746
1467	4	361.2546701115166
1467	5	502.11277800324
1467	6	298.52955303273814
1467	7	351.448724192816
1467	8	470.499528514297
1467	9	688.4467405998897
1467	10	229.88857584450312
1468	1	75.94411612147547
1468	2	65.05799148595281
1468	3	129.26899964295228
1468	4	91.82691929325924
1468	5	192.73285390377828
1468	6	78.68686971547565
1468	7	117.6406913371697
1468	8	169.86915160222566
1468	9	198.98389376629086
1468	10	44.98094780241041
1469	1	384.5452111881395
1469	2	251.86858201671063
1469	3	303.5055792376795
1469	4	485.3160321912404
1469	5	626.212884945899
1469	6	310.8304687675101
1469	7	357.1613222632139
1469	8	537.111436288486
1469	9	752.6811112949214
1469	10	308.9282800920125
1470	1	376.9186494397689
1470	2	288.2092036329357
1470	3	315.06080083125335
1470	4	544.0784479155075
1470	5	597.0386105429236
1470	6	343.0544054605349
1470	7	405.77306270878535
1470	8	558.0706215784021
1470	9	808.5953380424651
1470	10	285.92814914122783
1471	1	327.7075629206204
1471	2	247.8074056408782
1471	3	269.58666420008734
1471	4	429.23619845706105
1471	5	540.7506195998717
1471	6	311.67761780036534
1471	7	363.86831827038526
1471	8	504.7205188690523
1471	9	737.512543783484
1471	10	238.14028790795481
1472	1	269.64007625006514
1472	2	183.56157466737304
1472	3	209.1505447473794
1472	4	308.984770275207
1472	5	467.8685887498744
1472	6	261.2254212146367
1472	7	312.6280378107724
1472	8	448.5733912311467
1472	9	582.5216920341209
1472	10	152.2798464307412
1473	1	299.95115869061954
1473	2	216.2091607726609
1473	3	249.98686845125184
1473	4	362.81913226527996
1473	5	502.96321130727574
1473	6	297.0104240780315
1473	7	347.5289432426731
1473	8	471.23565317095233
1473	9	691.3727931228456
1473	10	216.58318310190236
1474	1	76.73627218630446
1474	2	64.7714298425472
1474	3	131.3244205827267
1474	4	90.20690495988939
1474	5	193.62835929444213
1474	6	79.21028896333016
1474	7	118.33371260228587
1474	8	172.72467169449646
1474	9	197.22803652940493
1474	10	44.598701567793135
1475	3	95.16413472546253
1475	6	56.115124816621496
1475	9	110.77590892235571
1475	10	13.57860833230087
1476	1	382.08058150604757
1476	2	251.20269534427175
1476	3	302.5689347930062
1476	4	486.9582984411901
1476	5	623.4541984988489
1476	6	310.42088691982644
1476	7	352.6177291800352
1476	8	536.4386899113855
1476	9	763.512032824357
1476	10	298.6633676074414
1477	1	375.32884643215743
1477	2	287.94395329641026
1477	3	314.21414896020644
1477	4	545.6466068467407
1477	5	593.2582764754006
1477	6	343.00837290683637
1477	7	401.1514140240807
1477	8	556.8562948563717
1477	9	821.841591167351
1477	10	276.9460181615796
1478	1	327.0811201572291
1478	2	247.88401540440356
1478	3	268.82047282153303
1478	4	430.69930804638034
1478	5	536.1115138437589
1478	6	311.9834629225754
1478	7	359.2385744579136
1478	8	502.96020967541267
1478	9	752.9742077990754
1478	10	230.55556626627555
1479	1	270.05468127041837
1479	2	183.9222196630675
1479	3	208.46048937822292
1479	4	310.3222898060591
1479	5	462.56995173365294
1479	6	261.8664350373423
1479	7	308.06120949139415
1479	8	446.2827352196444
1479	9	599.9487894552915
1479	10	146.19095241163106
1480	1	301.4702359845194
1480	2	216.79816436151924
1480	3	249.37392269235306
1480	4	364.0197375819867
1480	5	497.23439102298903
1480	6	297.96503991866336
1480	7	343.0956791720228
1480	8	468.45029885723784
1480	9	710.4697655642686
1480	10	212.0697393152608
1481	1	78.72001352146746
1481	2	65.72923516661504
1481	3	133.93377177822234
1481	4	89.18276626132405
1481	5	196.57057822199158
1481	6	80.47096427991654
1481	7	116.3492720105516
1481	8	175.86695047579406
1481	9	200.0857292272925
1481	10	44.844722724463836
1482	1	47.32933228640203
1482	2	52.24739600383114
1482	4	61.62056939564968
1482	8	179.86121474298648
1482	9	114.33580951560654
1483	1	387.10528510292414
1483	2	252.178466043327
1483	3	302.2424127195743
1483	4	487.7496777147445
1483	5	618.0004685925086
1483	6	312.1431122528809
1483	7	348.9838672784446
1483	8	532.571380664989
1483	9	785.480708129016
1483	10	299.1331276538093
1484	1	381.5110339342045
1484	2	288.96459531438865
1484	3	314.01507454723236
1484	4	546.3167373236522
1484	5	588.4403999725148
1484	6	344.91642868343257
1484	7	397.90154400882545
1484	8	552.8174898023626
1484	9	843.9705157580811
1484	10	279.0804687103822
1485	1	334.37342084778413
1485	2	248.91629270808255
1485	3	268.76955726997966
1485	4	431.25874429510975
1485	5	532.1915488342565
1485	6	314.03765485715184
1485	7	356.4205433127947
1485	8	498.8665424755658
1485	9	774.843889398211
1485	10	234.3129240711618
1486	1	278.38340903635867
1486	2	184.9384697017077
1486	3	208.57971483058833
1486	4	310.780906996352
1486	5	459.7915396239263
1486	6	264.02533102828215
1486	7	305.71463229298257
1486	8	442.25991057607905
1486	9	621.1408261788727
1486	10	151.50280655333455
1487	1	310.73558753614583
1487	2	217.7762859703859
1487	3	249.6853601849644
1487	4	364.3853126509889
1487	5	495.815144174274
1487	6	300.1862801926213
1487	7	341.251041439033
1487	8	464.62986600185343
1487	9	730.5762161958227
1487	10	218.8415238178129
1488	1	80.61087908680227
1488	2	66.05836999019255
1488	3	135.67537969039708
1488	4	89.44143157156901
1488	5	200.41674763243964
1488	6	81.65005731196929
1488	7	114.2912605441619
1488	8	177.46977880584217
1488	9	206.76353706375485
1488	10	46.48309502119671
1489	4	62.0327219037994
1489	6	58.51714332216139
1489	7	89.31711830381425
1489	9	121.24761896369499
1489	10	13.02566940592807
1490	1	398.33928808301556
1490	2	252.9625319769919
1490	3	303.2454909241487
1490	4	487.84574527718564
1490	5	621.6075967433048
1490	6	314.3010408603764
1490	7	348.727391746916
1490	8	530.1535146097252
1490	9	800.1233748822729
1490	10	309.4750513077478
1491	1	393.05142798665906
1491	2	289.6735487106792
1491	3	315.27534947784875
1491	4	546.3105433435072
1491	5	593.8957833605007
1491	6	346.97557379934915
1491	7	398.16683558390287
1491	8	551.1163831258998
1491	9	856.1781206634228
1491	10	290.27219430225387
1492	1	346.0186272567431
1492	2	249.55202068841538
1492	3	270.2918880840987
1492	4	431.13573839892274
1492	5	539.5020106522485
1492	6	315.96427667401315
1492	7	357.1862992886928
1492	8	497.99010324899507
1492	9	784.3884566523996
1492	10	246.15618069346723
1493	1	289.9218862970276
1493	2	185.50647829802506
1493	3	210.36260811976652
1493	4	310.5218991872317
1493	5	468.9143880822016
1493	6	265.7899961181608
1493	7	306.94957132691263
1493	8	442.30114230765145
1493	9	627.8502803360408
1493	10	163.78761589154504
1494	1	321.9504820622434
1494	2	218.28526599364378
1494	3	251.72038534987774
1494	4	363.96713665660207
1494	5	506.659012821704
1494	6	301.76459441786744
1494	7	342.9145642683822
1494	8	465.66403435689034
1494	9	734.3382842460155
1494	10	231.35017237105046
1495	1	89.7535317826452
1495	2	65.59551237055003
1495	3	143.29614901131634
1495	4	91.73536603131146
1495	5	237.86486411909755
1495	6	81.26028824994142
1495	7	111.37737881076895
1495	8	186.722770778743
1495	9	217.45287597830688
1495	10	51.92252348229733
1496	4	64.31252551832735
1496	9	131.4541600592551
1496	10	15.64251572769167
1497	1	410.00831148582074
1497	2	254.2550039758129
1497	3	309.10342863434295
1497	4	476.1368731839703
1497	5	657.178618097953
1497	6	318.5286948470324
1497	7	350.88218216680275
1497	8	554.9349712025776
1497	9	792.2177115737247
1497	10	329.5757363355724
1498	1	403.5767262128843
1498	2	290.9656986340113
1498	3	321.2787880208412
1498	4	534.3314435337766
1498	5	630.4003129797907
1498	6	350.9804709496416
1498	7	400.51465273586643
1498	8	576.9733868342039
1498	9	845.5004053684347
1498	10	309.7351065429735
1499	1	355.232003061565
1499	2	250.86283489311256
1499	3	276.39723326904596
1499	4	418.8606941958824
1499	5	576.6642753335932
1499	6	319.7540887046087
1499	7	359.65632456791224
1499	8	524.8831156304528
1499	9	771.1318733750599
1499	10	264.7902850301122
1500	1	297.6790716265429
1500	2	186.85612764679007
1500	3	216.52086451292706
1500	4	297.9288617031614
1500	5	506.4409805186022
1500	6	269.3791394800341
1500	7	309.469132588702
1500	8	470.16639816910106
1500	9	612.2598689527376
1500	10	181.42003306110462
1501	1	328.1349540827677
1501	2	219.69489263865722
1501	3	257.8782315696001
1501	4	351.03906998550997
1501	5	544.2469296396307
1501	6	305.17395019456245
1501	7	345.4106874928873
1501	8	494.414546796233
1501	9	716.7046548152366
1501	10	247.82988987613095
1502	1	88.02443967701834
1502	2	63.319099619412825
1502	3	143.17459186942762
1502	4	92.05194948950691
1502	5	239.8418154807821
1502	6	80.7314251331327
1502	7	113.589204477972
1502	8	185.4509996346889
1502	9	218.82078032793441
1502	10	53.79167283759751
1503	2	51.206944617387975
1503	4	64.49067446686018
1503	6	57.367557693263535
1503	9	131.99946265273877
1504	1	408.39202730859006
1504	2	255.0955941749375
1504	3	311.7261250360524
1504	4	472.8180078709933
1504	5	672.6034745962174
1504	6	318.28528982222156
1504	7	353.36191117947413
1504	8	565.086838910228
1504	9	773.3153648676307
1504	10	333.7161668361639
1505	1	400.25129305166683
1505	2	291.9567532514686
1505	3	323.6716174386683
1505	4	530.6804609653661
1505	5	644.7429540553421
1505	6	350.6940431716394
1505	7	402.7062043814997
1505	8	587.4707326924696
1505	9	826.0126526987074
1505	10	312.39478069828334
1506	1	350.25169969250544
1506	2	252.02746222516328
1506	3	278.5064028738405
1506	4	414.89920539769923
1506	5	589.6946430332446
1506	6	319.46799560010646
1506	7	361.5071671349098
1506	8	535.5575425159802
1506	9	751.4512797301993
1506	10	265.96529906576103
1507	1	291.13285922779653
1507	2	188.21714972530873
1507	3	218.29714242724367
1507	4	293.6870676532704
1507	5	517.9646302797987
1507	6	269.1383310247926
1507	7	310.9345043459
1507	8	480.84331688870714
1507	9	592.7710413868219
1507	10	181.13900181570943
1508	1	320.14459515742107
1508	2	221.2745341947113
1508	3	259.2784250440271
1508	4	346.55533858435695
1508	5	554.1100325970383
1508	6	305.0237904268131
1508	7	346.4544650964732
1508	8	504.9172296530453
1508	9	697.7748946391297
1508	10	246.1533241543345
1509	1	84.98131626091933
1509	3	143.12698545414477
1509	4	91.39776575945277
1509	5	240.26911667222163
1509	6	79.97311327817083
1509	7	115.10095761497799
1509	8	185.3697409248442
1509	9	214.99292807480978
1509	10	53.79710572809817
1510	3	106.59611783538074
1510	4	63.72575829118321
1510	6	56.65766220264484
1510	9	127.64441628619738
1510	10	15.08957680131557
1511	1	397.0826507899197
1511	2	257.4526953238269
1511	3	311.81857329502105
1511	4	467.9078393964904
1511	5	677.0177429825835
1511	6	318.66520485005606
1511	7	353.01948519784025
1511	8	574.0474356948037
1511	9	757.9664084859531
1511	10	328.5107269533968
1512	1	388.24771099992006
1512	2	294.6073227965663
1512	3	323.2999619758983
1512	4	525.7450439854806
1512	5	647.3444757392733
1512	6	351.32606864937793
1512	7	401.8945551220547
1512	8	595.6115211729161
1512	9	812.3557913635323
1512	10	306.3177577938856
1513	1	337.78520615315915
1513	2	254.98422601718931
1513	3	277.67409127394825
1513	4	410.0018678163591
1513	5	590.5637489209687
1513	6	320.3817739316513
1513	7	360.2394277818512
1513	8	542.7521183854541
1513	9	739.6538353146808
1513	10	259.2033345856469
1514	1	278.44190057543256
1514	2	191.48930296606375
1514	3	217.0186174218927
1514	4	288.89158616929177
1514	5	517.2253728838396
1514	6	270.3572275660532
1514	7	309.23344796294907
1514	8	486.9861657850406
1514	9	582.9456958009498
1514	10	173.89321179280626
1515	1	307.4691612454565
1515	2	224.8671335843659
1515	3	257.5790347778776
1515	4	341.92421229336605
1515	5	551.9261898703398
1515	6	306.56413312211254
1515	7	344.35198897665913
1515	8	509.926437341314
1515	9	689.9781222071439
1515	10	238.63471676301586
1516	2	64.95549837705167
1516	3	143.13896985386393
1516	4	90.31341209642602
1516	5	239.91983422871323
1516	6	79.92710784917938
1516	7	114.39013260382414
1516	8	187.59554722093907
1516	9	209.29910613774422
1516	10	52.36184078091412
1517	1	50.30692794912509
1517	2	51.73330231723807
1517	3	106.58008629609306
1517	4	62.651315819122004
1517	9	122.04073195596848
1517	10	14.813107338129171
1518	1	385.82594224113325
1518	2	261.98671979601386
1518	3	309.11026151157336
1518	4	464.10716209180026
1518	5	671.7987614034669
1518	6	321.189855135429
1518	7	349.98436439390446
1518	8	575.4290801611037
1518	9	756.0411203359597
1518	10	321.46582509950997
1519	1	377.87263149146065
1519	2	299.42910209350964
1519	3	320.36933420077014
1519	4	522.3137418519003
1519	5	641.6193384408537
1519	6	354.15835010348144
1519	7	398.661270885245
1519	8	595.8019286120157
1519	9	812.145412971598
1519	10	299.84560886251353
1520	1	328.46022797488456
1520	2	260.06995090992814
1520	3	274.5897744849303
1520	4	406.9732948008766
1520	5	584.6034151409103
1520	6	323.49807399829854
1520	7	356.87281107250135
1520	8	541.8072816935157
1520	9	740.9634350880585
1520	10	253.49153011276377
1521	1	270.308255115494
1521	2	196.80827234719237
1521	3	213.85392925179343
1521	4	286.2901063221233
1521	5	511.3003039586187
1521	6	273.726476214979
1521	7	305.80170963651125
1521	8	484.9890224519116
1521	9	585.5455563707097
1521	10	169.11084666567956
1522	1	300.63803691102646
1522	2	230.3816638186717
1522	3	254.4102385348126
1522	4	339.7648041300447
1522	5	546.2988165975197
1522	6	310.1484756281393
1522	7	340.9255422476598
1522	8	506.98509847009734
1522	9	693.6114215317951
1522	10	234.9285481851953
1523	1	81.30873039708078
1523	2	67.23410032649782
1523	3	142.78439688257845
1523	4	89.62777098671489
1523	5	239.97679268108737
1523	6	80.98936462077819
1523	7	112.60470747790262
1523	8	191.59260261491625
1523	9	205.72961058507136
1523	10	51.04932513961035
1524	1	49.63790901218795
1524	3	106.15787170957024
1524	6	57.96498699147603
1524	7	87.55062407516479
1524	9	121.27915014419122
1524	10	14.53663787494343
1525	1	383.24444529779726
1525	2	267.7941762210455
1525	3	306.388310175386
1525	4	463.2709820226159
1525	5	668.4542851513107
1525	6	325.13847490290993
1525	7	347.0008138079172
1525	8	570.5164496868668
1525	9	761.0904621771788
1525	10	321.5992473073235
1526	1	368.13407114289447
1526	2	318.43123843346234
1526	3	326.1377954811971
1526	4	520.16031806797
1526	5	651.4135359371728
1526	6	365.34655357031266
1526	7	404.69172816141565
1526	8	594.5315291951187
1526	9	803.9168489136257
1526	10	318.65946729287623
1527	1	320.09022560052495
1527	2	278.9834848163091
1527	3	280.7145470474195
1527	4	405.2050942185665
1527	5	595.6578621884257
1527	6	334.6460063614208
1527	7	363.2537020192969
1527	8	540.4091743727599
1527	9	732.3799651679009
1527	10	273.6861773407327
1528	1	263.22622822305874
1528	2	215.56168567925198
1528	3	220.39036272384203
1528	4	284.8754539150439
1528	5	523.7030244361706
1528	6	284.778727837115
1528	7	312.59340057040083
1528	8	483.6552352113181
1528	9	576.3694993453875
1528	10	190.65201946082138
1529	1	294.7373040970818
1529	2	248.90092036445324
1529	3	261.40448377297594
1529	4	338.6684060105339
1529	5	560.0963225020475
1529	6	321.0514529174185
1529	7	348.1834412638862
1529	8	505.90713517906033
1529	9	683.6367255839574
1529	10	257.7505472104083
1530	1	74.69164961846116
1530	2	67.04049593739866
1530	3	132.61611096865144
1530	4	86.96309644868045
1530	5	233.31451694698023
1530	6	84.77172027731228
1530	7	119.6130645547579
1530	8	195.9533237144429
1530	9	204.47855538922818
1530	10	49.60487913991615
1531	4	59.54863224650886
1531	6	61.76081137282765
1531	7	94.81986372571242
1532	1	380.0432211805043
1532	2	285.1628091494455
1532	3	314.9252468608686
1532	4	462.90647810391494
1532	5	686.2995714362066
1532	6	335.3106285286774
1532	7	355.9302567875977
1532	8	571.2828424865583
1532	9	747.8850875667549
1532	10	347.5829574036446
1533	1	374.0821272961508
1533	2	322.05803590081655
1533	3	327.0089728805865
1533	4	521.6991159199865
1533	5	658.425824234736
1533	6	367.97568094022824
1533	7	405.51876412904323
1533	8	592.2685673726146
1533	9	802.6948211049889
1533	10	328.0906871480807
1534	1	326.4352556674173
1534	2	282.0200034650094
1534	3	282.1057322937429
1534	4	406.88958893152864
1534	5	603.69793419955
1534	6	336.9305193281171
1534	7	364.7284809054384
1534	8	539.1997684816058
1534	9	729.9751890219288
1534	10	283.67614071943393
1535	1	269.79348051481907
1535	2	217.95102857324085
1535	3	222.2782969000932
1535	4	286.68267259031757
1535	5	532.5976253599529
1535	6	286.7013508303783
1535	7	314.7302606696523
1535	8	483.60036034078234
1535	9	572.8496696543502
1535	10	201.0012108215864
1536	1	301.35708284168936
1536	2	250.59486290141635
1536	3	263.7547959422377
1536	4	340.5819788184125
1536	5	569.6498790118727
1536	6	322.6037376053662
1536	7	350.9888638697031
1536	8	507.0814092334771
1536	9	679.1159625433419
1536	10	268.25095546121224
1537	1	76.4765947172147
1537	2	64.00836701113974
1537	3	132.52719835053824
1537	4	88.12011082327143
1537	5	235.44705611992543
1537	6	86.17263163245532
1537	7	120.60269898921916
1537	8	198.66271270842248
1537	9	207.65549160751317
1537	10	50.63576457273601
1538	4	60.83112643603705
1538	6	63.06586339554855
1538	7	95.9622877844827
1538	9	121.6895349909287
1539	1	385.9155396027933
1539	2	284.59007337468756
1539	3	318.3610174601042
1539	4	465.1142899869845
1539	5	696.5253614076177
1539	6	335.79130947845516
1539	7	360.7010718625408
1539	8	576.3059993783902
1539	9	741.4483814300864
1539	10	357.2753617534993
1540	1	379.45882752996255
1540	2	320.71202410745695
1540	3	330.68112952840744
1540	4	524.0211528521547
1540	5	668.4292172896062
1540	6	368.1412127025397
1540	7	410.9051392716435
1540	8	598.5303001980053
1540	9	796.0867821699364
1540	10	337.11240763018316
1541	1	331.22737689700625
1541	2	279.91535076049865
1541	3	285.9432805538014
1541	4	409.3448252050854
1541	5	613.2658023158758
1541	6	336.8149843540151
1541	7	370.6978963689943
1541	8	546.6298550851241
1541	9	723.4641543982809
1541	10	291.8474456210273
1542	1	273.9351953773493
1542	2	215.11724942991137
1542	3	226.2080639592315
1542	4	289.29509722741517
1542	5	541.5318372090011
1542	6	286.3453583284034
1542	7	321.24287273767254
1542	8	492.1018489486853
1542	9	566.7126848774041
1542	10	208.16114501859798
1543	1	304.80639464817784
1543	2	247.07643587770963
1543	3	267.7033948228248
1543	4	343.3791381505538
1543	5	577.7725284576406
1543	6	322.05328273108813
1543	7	357.99779041109167
1543	8	516.5329170636434
1543	9	673.6302303851666
1543	10	274.2609167454887
1544	1	77.70496831659392
1544	2	61.774223790091575
1544	3	133.76813226375998
1544	4	89.99937629743056
1544	5	237.5315249700086
1544	6	86.80653140036388
1544	7	121.84804528196722
1544	8	199.3274255729572
1544	9	211.84975973387424
1544	10	51.993142365350096
1545	1	387.2692228359537
1545	2	279.42837563875923
1545	3	321.9529147197789
1545	4	468.6397847404184
1545	5	701.4108101927682
1545	6	334.9672381517371
1545	7	368.8526979906196
1545	8	587.6810881291401
1545	9	739.4545807923225
1545	10	359.2699309561639
1546	1	380.1793689489561
1546	2	315.18305573858845
1546	3	334.03465512275096
1546	4	527.8405201470891
1546	5	672.0711096950024
1546	6	367.33314730912775
1546	7	419.3028226573539
1546	8	610.1902403958194
1546	9	795.6887086095678
1546	10	337.6787628365846
1547	1	331.3780154935706
1547	2	274.1278302575166
1547	3	289.0119498508343
1547	4	413.4750495870261
1547	5	615.6373721230408
1547	6	336.0747349951946
1547	7	379.2658381851467
1547	8	558.3831499284399
1547	9	724.8201096895564
1547	10	290.99284542255657
1548	1	273.5933449873794
1548	2	209.1883537413714
1548	3	228.95540209279844
1548	4	293.74512355968346
1548	5	542.6398946602781
1548	6	285.72144647163674
1548	7	329.9011981500967
1548	8	503.7556806478375
1548	9	569.9382986188725
1548	10	205.92439112774306
1549	1	304.0603961161678
1549	2	241.12968667783457
1549	3	270.1039670733809
1549	4	348.14819480060623
1549	5	577.6562894462961
1549	6	321.5895832634063
1549	7	366.663290034987
1549	8	527.8976739755822
1549	9	678.7947779501626
1549	10	270.71160563116644
1550	1	77.8155354998235
1550	2	63.27263936677251
1550	3	135.820709827021
1550	4	91.93603564332511
1550	5	238.66045391602614
1550	6	86.82862478089108
1550	7	121.80711001136976
1550	8	198.30359570661756
1550	9	215.51324361868916
1550	10	53.38572552848514
1551	1	46.06047356268843
1551	2	50.16938485783773
1551	4	64.63362632402537
1551	6	63.55814237445278
1552	1	385.89817631340617
1552	2	274.1970397979629
1552	3	323.28040022551994
1552	4	474.24562149575223
1552	5	698.1452121754016
1552	6	335.1837419339614
1552	7	377.01997149261376
1552	8	597.1383082967504
1552	9	750.3628699499452
1552	10	352.48428665875366
1553	1	378.79763100709033
1553	2	310.443130502338
1553	3	335.03444975665775
1553	4	533.6432807670888
1553	5	668.0092435501506
1553	6	367.81730939066085
1553	7	427.12880765440036
1553	8	618.717232600873
1553	9	808.3264054102551
1553	10	330.13074710443345
1554	1	330.0772782266714
1554	2	269.9976355066161
1554	3	289.7189294656936
1554	4	419.4127685184229
1554	5	610.9349984902361
1554	6	336.8328434008901
1554	7	386.6646597829906
1554	8	565.8675328630702
1554	9	739.0204568098231
1554	10	282.8743217906655
1555	1	272.45681075792464
1555	2	205.7775438374431
1555	3	229.41537291008697
1555	4	299.7443303858055
1555	5	537.4631030422219
1555	6	286.75099803160055
1555	7	336.78979879779365
1555	8	510.1100897723923
1555	9	585.4967130900061
1555	10	197.44201955940804
1556	1	314.2474357372031
1556	2	235.73443660206456
1556	3	267.6087738893638
1556	4	374.3946398416912
1556	5	533.1182490700222
1556	6	318.85789935196647
1556	7	364.1042331522491
1556	8	530.1713996263641
1556	9	717.2499362088289
1556	10	262.5785329804179
1557	4	65.11882645763397
1557	6	62.50763670109596
1557	9	125.86303675604609
1557	10	13.834821450410551
1558	1	397.10105231524614
1558	2	271.70755915777374
1558	3	320.62314086487726
1558	4	499.85663677581846
1558	5	653.709346156483
1558	6	333.08860630478955
1558	7	372.27994735092574
1558	8	595.7633815037134
1558	9	790.5621926765078
1558	10	345.2619866316662
1559	1	390.3945607249978
1559	2	309.0180140174273
1559	3	332.4781314909916
1559	4	558.8437484099375
1559	5	623.9166003407333
1559	6	365.86472581923925
1559	7	421.5507096892096
1559	8	616.195626602339
1559	9	848.5406045843998
1559	10	323.65588407380784
1560	1	342.0730823922969
1560	2	269.65459870214585
1560	3	287.34523455409
1560	4	444.1069100883232
1560	5	567.31695909635
1560	6	334.9802081640794
1560	7	380.2094633999915
1560	8	562.279548355462
1560	9	778.9752755940997
1560	10	277.3554333061863
1561	1	284.8439329008615
1561	2	206.51535218917894
1561	3	227.3055645533002
1561	4	323.8438168338697
1561	5	494.4328293160075
1561	6	284.9531469549625
1561	7	329.4301384869085
1561	8	505.56071025940156
1561	9	624.9364022450977
1561	10	193.07379034805433
1562	1	315.92066440003657
1562	2	240.33540197351795
1562	3	268.6055475422715
1562	4	377.5529542013372
1562	5	529.8271184167671
1562	6	321.0902362051927
1562	7	364.68387260916666
1562	8	527.6780219267112
1562	9	734.1705183116001
1562	10	259.0426030074683
1563	1	77.94544611542449
1563	2	69.96573848642323
1563	3	132.92596173945677
1563	4	91.87007904405655
1563	5	218.71797710776252
1563	6	85.42269342823448
1563	7	119.71544555798494
1563	8	189.1923642228789
1563	9	211.99219752825223
1563	10	57.64442286503375
1564	1	46.33552337078421
1564	8	192.68010428074228
1564	10	15.254689999670621
1565	1	399.7071028187177
1565	2	279.1892981224197
1565	3	323.06881978819786
1565	4	500.69842054330843
1565	5	652.8059005607067
1565	6	335.083842048918
1565	7	370.1522028866054
1565	8	591.7023081447744
1565	9	804.2476034454457
1565	10	346.5552217176757
1566	1	393.2364155844346
1566	2	317.3053087029276
1566	3	335.5208081400007
1566	4	558.8825511446591
1566	5	623.8542261855142
1566	6	367.7057148005446
1566	7	418.5857302465919
1566	8	611.9625588624353
1566	9	860.9646321070496
1566	10	326.7555231497517
1567	1	345.1131201437555
1567	2	278.6471177558701
1567	3	291.02506427955393
1567	4	443.36812039059834
1567	5	568.0863150215184
1567	6	336.6390934470288
1567	7	376.46448419092997
1567	8	558.058994169711
1567	9	790.1309016003286
1567	10	282.3127957309509
1568	1	288.04830332621555
1568	2	216.10211162630276
1568	3	231.65076591036376
1568	4	322.3796871260389
1568	5	496.00848178881455
1568	6	286.4096991099786
1568	7	324.9768072274003
1568	8	501.5363632904285
1568	9	634.8694259702556
1568	10	199.91028304740408
1569	1	319.2615582628031
1569	2	250.39718509944274
1569	3	273.6315258612444
1569	4	375.4431946763834
1569	5	532.1702423914611
1569	6	322.33273561752975
1569	7	359.6075936512215
1569	8	524.0285638489105
1569	9	742.978710162811
1569	10	267.7492627409428
1570	1	78.98927538002178
1570	2	68.91481849419128
1570	3	129.39965415789095
1570	4	89.94058076420886
1570	5	218.488830588995
1570	6	84.90585386440718
1570	7	119.09514885201568
1570	8	188.7206330432897
1570	9	209.55660587638107
1570	10	57.9737317562273
1571	1	47.49057476961339
1571	2	54.87654368913415
1571	5	182.82582427561942
1571	6	61.58565992483828
1571	7	96.06021010463822
1571	9	122.57580893550569
1571	10	15.323378230439285
1572	1	403.37774605627095
1572	2	289.9176208760721
1572	3	330.093886117643
1572	4	497.3963609783851
1572	5	657.1307700594818
1572	6	335.70655105683556
1572	7	363.8407618511127
1572	8	590.1404482199554
1572	9	810.7409873863966
1572	10	360.51791505257376
1573	1	397.0250446769929
1573	2	328.001896117375
1573	3	343.15200314215735
1573	4	555.511310842479
1573	5	628.7196201420829
1573	6	368.16063950105917
1573	7	412.10665988393544
1573	8	611.3636166523487
1573	9	867.1711732406404
1573	10	342.25597100110565
1574	1	349.04206811076426
1574	2	289.1909818100607
1574	3	299.2100121923422
1574	4	440.12453487200474
1574	5	573.4333790399303
1574	6	336.9604739059451
1574	7	369.9514947234867
1574	8	558.5221973109013
1574	9	796.3409858217594
1574	10	299.1993267289732
1575	1	292.1502451766805
1575	2	226.3794654751557
1575	3	240.32466780920373
1575	4	319.47416118897615
1575	5	501.7832051515807
1575	6	286.6395317993202
1575	7	318.567222245399
1575	8	503.1369992630839
1575	9	641.3892997694372
1575	10	218.00738276517444
1576	1	323.5782693729047
1576	2	260.3035525724603
1576	3	282.71811105594315
1576	4	373.0946912970736
1576	5	538.325667211808
1576	6	322.519613299299
1576	7	353.4398087267407
1576	8	526.8165219209423
1576	9	750.1207570180894
1576	10	286.85994802809756
1577	1	80.44151822522332
1577	2	65.60076887865937
1577	3	126.30839352240486
1577	4	88.59411492846868
1577	5	219.18444859995316
1577	6	84.53062048034424
1577	7	119.33365991102488
1577	8	189.85487975470107
1577	9	206.78000352261478
1577	10	56.33199902130776
1578	1	408.6506064209032
1578	2	298.2025774451225
1578	3	339.86458378993524
1578	4	498.03240464892406
1578	5	664.23901670899
1578	6	336.0997104237975
1578	7	359.1987036204485
1578	8	596.5265025223889
1578	9	821.5323787807259
1578	10	381.31381750117504
1579	1	402.7278915754493
1579	2	335.62233230468337
1579	3	352.94123615858456
1579	4	557.549072419053
1579	5	636.1163061387726
1579	6	368.74006827632354
1579	7	408.2159864383418
1579	8	618.8745122165575
1579	9	879.6922339238095
1579	10	363.1190040802696
1580	1	355.22650304335514
1580	2	296.10922320635007
1580	3	308.9046377764123
1580	4	443.73618819740517
1580	5	581.1202401087162
1580	6	337.78304134280614
1580	7	366.91475737949327
1580	8	567.0800196683006
1580	9	810.7840790039506
1580	10	319.8688954889932
1581	1	312.1311440110369
1581	2	251.14808247169964
1581	3	271.6052354324212
1581	4	298.613593374421
1581	5	556.3612492198318
1581	6	292.4024180003364
1581	7	327.6571845497037
1581	8	517.3201431849585
1581	9	682.2305868051981
1581	10	313.39306517040035
1582	1	344.1182887612594
1582	2	284.3384237806517
1582	3	313.6721830050471
1582	4	354.0629369954679
1582	5	593.2198424836853
1582	6	328.6251558345897
1582	7	363.540939370593
1582	8	541.828203898396
1582	9	793.1089288358156
1582	10	381.5256838169811
1583	1	394.9183135149286
1583	2	321.7843047793639
1583	3	311.6163324582731
1583	4	373.0652719873415
1583	5	611.013529380342
1583	6	303.8599158389329
1583	7	338.74319872737635
1583	8	574.267083831978
1583	9	754.3079767827958
1583	10	351.3965788623524
1584	2	50.24160302166204
1584	6	50.22356822719651
1584	7	72.4023253541737
1584	9	133.2161724124859
1584	10	14.1556224877915
1585	2	21.465284116768323
1585	8	100.64334826673743
1585	9	101.39240277963508
1586	2	17.73827467767332
1586	3	77.67566137934071
1586	4	25.564860361367455
1586	6	21.62700161978289
1586	7	40.26056457391916
1586	8	79.46549145599118
1587	1	27.40414206302684
1587	2	25.030389548359274
1587	4	37.48779630474752
1587	6	33.17830020156799
1587	8	87.26352546929263
1587	9	88.46088999626043
1587	10	27.633006205408
1588	1	30.989022243916224
1588	2	42.38830382996253
1588	3	99.43146977411865
1588	4	54.915729899461326
1588	6	35.740354772423835
1588	7	49.77950365899244
1588	8	120.07590629838832
1588	9	114.09950436832841
1588	10	15.781136405140707
1589	1	14.0510843363386
1589	3	86.25655115298979
1589	4	40.43419732305563
1589	6	30.007807910266
1589	7	44.251885566613005
1589	8	124.27980475470034
1589	9	74.17193603128001
1589	10	14.967394736887002
1590	1	774.9949026051887
1590	2	551.3628711713204
1590	3	610.7410374364244
1590	4	941.219260358693
1590	5	1158.544389598078
1590	6	520.137165621972
1590	7	391.01694805952036
1590	8	977.2287857005787
1590	9	1267.1800985684763
1590	10	1134.1760427505167
1591	1	484.8005013907193
1591	2	412.9099047685648
1591	3	442.3934791337107
1591	4	682.7309369999515
1591	5	768.1630388850856
1591	6	421.76304593408065
1591	7	465.40440094869837
1591	8	743.5471670920753
1591	9	1118.258091368308
1591	10	440.30018294007436
1592	1	390.5479945108709
1592	2	317.23834478124724
1592	3	330.986480043757
1592	4	515.73445427168
1592	5	645.9462804262821
1592	6	367.7474820338204
1592	7	399.43272159902233
1592	8	642.6564680965815
1592	9	999.5389720377929
1592	10	333.6874538242292
1593	1	333.7886044195103
1593	2	252.9235833718853
1593	3	269.7273382373562
1593	4	397.7178699596466
1593	5	574.9060266683663
1593	6	318.05722092586456
1593	7	349.9680606697432
1593	8	587.1318439379316
1593	9	845.8742496952699
1593	10	247.26856682696723
1594	1	365.0697182939025
1594	2	285.41308468322785
1594	3	309.56876555089696
1594	4	453.4733156558282
1594	5	611.9211085050033
1594	6	354.478937277061
1594	7	386.5599593833747
1594	8	610.3373375781862
1594	9	955.1036153306029
1594	10	310.5090812229247
1595	1	75.51534280475404
1595	2	64.16475926375313
1595	3	131.58228544438657
1595	4	93.8841390797558
1595	5	221.16516337431676
1595	6	86.61955777293194
1595	7	114.55306294253128
1595	8	204.1315423236706
1595	9	222.88474610086325
1595	10	49.13205173810975
1596	1	43.54622180986253
1596	4	66.36388126812474
1596	5	185.72210477563527
1596	6	63.422846463616494
1596	7	89.9178651550367
1596	9	137.02597752182595
1596	10	14.123829709744166
1597	1	447.72904682276226
1597	2	319.4646828577519
1597	3	358.2587042432064
1597	4	581.0887591670643
1597	5	738.1861316585724
1597	6	368.92512332816773
1597	7	395.88185815118334
1597	8	676.7732036744148
1597	9	1022.511591163623
1597	10	386.4712092262919
1598	1	440.27391847575154
1598	2	355.7531435353692
1598	3	368.349452383289
1598	4	640.0662006503285
1598	5	709.7435312529306
1598	6	401.5366836553047
1598	7	445.44845588451426
1598	8	697.4932367772965
1598	9	1077.3428033440061
1598	10	361.8019610643718
1599	1	390.85889939943115
1599	2	315.17701200160445
1599	3	321.29700921107707
1599	4	524.9375765614398
1599	5	654.1713888921117
1599	6	370.36715107467467
1599	7	404.3390706650365
1599	8	643.8549103561924
1599	9	1004.0807460988285
1599	10	312.0511945023935
1600	1	332.20061828086085
1600	2	250.63796211024595
1600	3	259.1891863916635
1600	4	403.9003328427898
1600	5	581.9706925930624
1600	6	319.9364546740329
1600	7	353.717951577555
1600	8	587.3943915317986
1600	9	845.8301982953672
1600	10	223.95578277608922
1601	1	361.529213318148
1601	2	282.877327878561
1601	3	298.2812640901564
1601	4	456.4599090287115
1601	5	617.6903619600214
1601	6	355.5552004535401
1601	7	389.04872538083146
1601	8	609.7404819367952
1601	9	950.378099493021
1601	10	285.77695472259416
1602	1	73.62315420431989
1602	2	63.26901639162712
1602	3	133.64789441809438
1602	4	92.85468743933961
1602	5	222.8019535552238
1602	6	86.52394678166561
1602	7	115.40280775923698
1602	8	206.93346003610304
1602	9	226.75972635977442
1602	10	51.073619192398795
1603	1	41.66539793188859
1603	2	49.269902564249406
1603	3	97.18418314885652
1603	4	65.01763483863543
1603	6	63.18478447492116
1603	7	90.52612203929621
1603	8	210.85277837468198
1603	9	140.53081817164454
1603	10	14.400299172930566
1604	1	438.4237477391749
1604	2	316.00507298152644
1604	3	345.4037211822292
1604	4	574.0759003506595
1604	5	739.4748236457349
1604	6	367.3733206469018
1604	7	394.2207289722811
1604	8	674.1666505446284
1604	9	1004.0189677329579
1604	10	359.2189270323704
1605	1	429.22457025543474
1605	2	351.9307480275802
1605	3	355.22093331465277
1605	4	629.8110319287258
1605	5	709.4334971343302
1605	6	399.09413865812667
1605	7	442.37785649162834
1605	8	694.4299605050168
1605	9	1054.635457977589
1605	10	334.3344034910035
1606	1	378.22781913766204
1606	2	310.9705097358944
1606	3	308.02712020551405
1606	4	511.60138782763283
1606	5	652.2648206140168
1606	6	367.05735238895727
1606	7	399.8961035575466
1606	8	640.4466940092709
1606	9	977.4788496830272
1606	10	284.6925931380477
1607	1	318.1918403916284
1607	2	246.03230197237372
1607	3	245.91252023942567
1607	4	387.7114457996531
1607	5	578.505952963945
1607	6	315.8014511787047
1607	7	347.9697021833571
1607	8	583.7522071162535
1607	9	815.7249735961366
1607	10	197.03038231346773
1608	1	346.38516976395914
1608	2	277.86525067139246
1608	3	285.13329023011084
1608	4	437.709629036688
1608	5	612.7428248893904
1608	6	350.6549739568577
1608	7	382.09118334787127
1608	8	605.9720272453491
1608	9	917.2235792870365
1608	10	259.6040396495929
1609	1	72.13388331769325
1609	2	59.9676488327252
1609	3	133.28474681866885
1609	4	90.45046470683101
1609	5	224.42166496045218
1609	6	85.69036698649862
1609	7	114.38150083586208
1609	8	208.24627527172288
1609	9	227.46978193616548
1609	10	52.91666544170012
1610	1	40.28746199502585
1610	4	62.62826071157197
1610	6	62.323296480074454
1610	7	89.25797380983484
1610	9	140.75373188138906
1610	10	14.676768636123567
1611	1	421.6385871363219
1611	2	309.82566657906506
1611	3	333.4391857924735
1611	4	549.9249517681752
1611	5	730.8910092938848
1611	6	360.6975919415122
1611	7	384.46960268092744
1611	8	670.6001624725182
1611	9	964.9165193020808
1611	10	337.0940467709374
1612	1	412.5522461374403
1612	2	345.41504184552105
1612	3	343.9032547240835
1612	4	604.7583361126591
1612	5	700.0170304980268
1612	6	392.0440809823149
1612	7	432.0450411961126
1612	8	691.0935422973353
1612	9	1014.7177433646737
1612	10	314.0893528733885
1613	1	349.53256631168944
1613	2	285.0822140124476
1613	3	281.8174274411739
1613	4	455.7417585705371
1613	5	618.0066624967424
1613	6	343.45898582046107
1613	7	373.01198514633097
1613	8	601.324518941239
1613	9	819.3219524666724
1613	10	253.877059999848
1614	1	290.30127276031385
1614	2	219.90779287174726
1614	3	220.57143068464725
1614	4	331.9462698745873
1614	5	543.9037710638199
1614	6	292.0840074690195
1614	7	320.91544684042293
1614	8	544.972472533291
1614	9	657.9512735024584
1614	10	168.50228516796733
1615	1	319.63316025532765
1615	2	251.5696102028566
1615	3	260.7567175009197
1615	4	382.53993270473984
1615	5	578.0634990042345
1615	6	326.9512662603029
1615	7	355.08165736971216
1615	8	567.5715281125846
1615	9	760.4087313724735
1615	10	233.5137812844477
1616	1	76.17634048374869
1616	2	60.76165248765353
1616	3	136.5155456731452
1616	4	89.78505048951007
1616	5	237.4587358860067
1616	6	85.93486803650983
1616	7	123.1795725344102
1616	8	208.46954460923868
1616	9	218.64455401866252
1616	10	56.34447986300269
1617	1	44.48886729440739
1617	4	62.356152597338166
1617	5	202.15509151696142
1617	7	98.08231649346325
1617	9	131.66400884372297
1617	10	17.623925837237998
1618	1	400.0666405322273
1618	2	283.484838888158
1618	3	312.40554179840376
1618	4	499.3517900808515
1618	5	697.6040859029711
1618	6	337.8088350806513
1618	7	358.8525118425522
1618	8	633.4288918631161
1618	9	814.0642501561376
1618	10	318.81040783761125
1619	1	393.17516533274295
1619	2	319.232381023439
1619	3	324.08552407773584
1619	4	556.5327051217976
1619	5	667.7052916889495
1619	6	369.661593608019
1619	7	407.27615468549266
1619	8	654.322176331282
1619	9	866.7103907535429
1619	10	298.4268794078377
1620	1	344.98957609807894
1620	2	278.22874346683426
1620	3	278.89403971364777
1620	4	440.5838368193004
1620	5	611.1353201809375
1620	6	337.98000229153405
1620	7	365.4245136595813
1620	8	601.0086925079229
1620	9	792.5101525109447
1620	10	253.44145187566397
1621	1	288.2109007023412
1621	2	213.39099618634842
1621	3	218.89536280233756
1621	4	319.7152188793699
1621	5	538.4194221911924
1621	6	287.29284790852506
1621	7	314.4769358587901
1621	8	545.0024031346513
1621	9	634.5608590399956
1621	10	170.51375514913587
1622	1	320.03769408430634
1622	2	245.47415892683398
1622	3	260.3177533613446
1622	4	373.4226844232329
1622	5	574.1189695159244
1622	6	322.91382246391726
1622	7	349.9026417733874
1622	8	567.908597434858
1622	9	740.6185919718621
1622	10	237.8208533326087
1623	1	76.7422230479982
1623	2	62.125419180786835
1623	3	137.40594738505956
1623	4	91.81876502207457
1623	5	240.51584800072126
1623	6	86.5793686807824
1623	7	122.31472965976863
1623	8	208.50561986679216
1623	9	215.60798032268343
1623	10	56.67373150062671
1624	1	45.19592170198082
1624	4	64.80695290762435
1624	9	128.68328515794312
1624	10	17.900395300397996
1625	1	407.59161332887294
1625	2	279.0879318977275
1625	3	315.44240132634866
1625	4	499.9329751534758
1625	5	698.7459527657542
1625	6	336.23314064203146
1625	7	357.79724903144717
1625	8	634.4094565042094
1625	9	805.408070070722
1625	10	328.7136737708752
1626	1	402.7481571990162
1626	2	315.5114253642724
1626	3	328.14641830235007
1626	4	560.2049934259214
1626	5	670.5315240412908
1626	6	368.90461252435523
1626	7	407.5963715880182
1626	8	655.4180089032254
1626	9	861.6422103646097
1626	10	309.6578276269717
1627	1	356.3525567877463
1627	2	275.21668761943454
1627	3	283.8856884140757
1627	4	447.1501159100139
1627	5	615.5534112887409
1627	6	338.00637895130126
1627	7	367.0623108765337
1627	8	602.1712076221717
1627	9	790.8633346453678
1627	10	265.68988416884656
1628	1	301.05605497811644
1628	2	211.1056871172821
1628	3	224.71075145987683
1628	4	328.90925252780613
1628	5	544.2856685718727
1628	6	288.0476786650426
1628	7	317.3404437321024
1628	8	546.1860513220593
1628	9	636.1162616919244
1628	10	183.453420101162
1629	1	334.01443759582736
1629	2	243.9176143967328
1629	3	266.83778509271843
1629	4	384.91615675749586
1629	5	581.2412786888426
1629	6	324.3241289291826
1629	7	353.86790512359846
1629	8	569.0722825686796
1629	9	745.1132632126993
1629	10	251.11595827921013
1630	1	78.08898717318372
1630	2	66.02332826810716
1630	4	95.79747901065964
1630	5	243.65660043682018
1630	6	87.80033676104452
1630	7	123.88756003868221
1630	8	209.51067750306535
1630	9	213.64041025337391
1630	10	57.63674958767329
1631	9	126.96465772751827
1632	1	422.5631810284586
1632	2	279.5702641961601
1632	3	323.2712910004585
1632	4	515.8733637689895
1632	5	708.0733484596473
1632	6	339.02327215795526
1632	7	364.0482137955544
1632	8	635.3283926294193
1632	9	816.8516342372884
1632	10	341.0684544759704
1633	1	417.20300772886856
1633	2	316.5740153400164
1633	3	336.1247744393289
1633	4	576.7055137129471
1633	5	679.9699649352655
1633	6	371.9230605887171
1633	7	414.1974274458229
1633	8	656.218462947114
1633	9	874.7337760492331
1633	10	321.06814113522535
1634	1	369.8697901498036
1634	2	276.78786570297945
1634	3	291.86734501124795
1634	4	463.7280988249725
1634	5	624.7603726621921
1634	6	341.12712442426397
1634	7	373.7836526394739
1634	8	602.8483056209727
1634	9	805.2719520844046
1634	10	275.8763544821762
1635	1	313.2337343945471
1635	2	213.10339824814403
1635	3	232.5520247318028
1635	4	345.0886836819501
1635	5	552.914689443469
1635	6	291.1437207807977
1635	7	323.94611759354586
1635	8	546.743261604212
1635	9	651.5275858139087
1635	10	192.16803843628085
1636	1	344.4807405544526
1636	2	246.2518305502029
1636	3	274.40030335251987
1636	4	400.24080918013954
1636	5	588.9523020917864
1636	6	327.2710450230665
1636	7	360.12166727950625
1636	8	569.5211977276654
1636	9	761.2382746339106
1636	10	258.1478382070749
1637	1	79.5729048057025
1637	2	68.95408990554725
1637	3	143.3247614359761
1637	4	98.74185646189923
1637	5	245.80645640458323
1637	6	88.19613862801793
1637	7	126.50490849158928
1637	8	211.79373029139919
1637	9	213.6310838578441
1637	10	59.02783743855729
1638	1	48.053764068597545
1638	2	55.52446864725329
1638	3	107.04159364478234
1638	6	64.88684110278619
1638	9	127.25980807143992
1639	1	426.11963806699424
1639	2	282.3362794138791
1639	3	329.26199301916637
1639	4	526.2800865289294
1639	5	711.2105997343975
1639	6	340.8542345557213
1639	7	367.9148906073715
1639	8	635.5951655951403
1639	9	833.7433651856461
1639	10	342.2290929793221
1640	1	418.0603557573546
1640	2	319.2942145924312
1640	3	341.3909136490663
1640	4	584.8715113341981
1640	5	681.0994181563035
1640	6	373.201310666343
1640	7	416.88204036288494
1640	8	656.4924227815029
1640	9	891.5686145657445
1640	10	320.16231400904286
