1250	1	349.0230298499649
1250	2	279.8656545474766
1250	3	302.8755642291378
1250	4	471.2621021562562
1250	5	520.4290358135686
1250	6	299.7932439590261
1250	7	343.17129080256797
1250	8	455.9906601523502
1250	9	868.4922052336701
1250	10	411.4527008526203
1251	1	290.43915607495205
1251	2	213.98978428130113
1251	3	243.5277241346435
1251	4	359.33020392226655
1251	5	449.1413113728654
1251	6	247.65294163121706
1251	7	292.46174393906807
1251	8	395.31219707431706
1251	9	693.6450504394331
1251	10	323.5531415881226
1252	1	322.22783072237587
1252	2	246.79438963266676
1252	3	278.36473004786734
1252	4	412.3995446132575
1252	5	486.60606218901836
1252	6	282.3050039103286
1252	7	328.6499372424572
1252	8	424.2049005129482
1252	9	826.4716923460974
1252	10	384.0081005648615
1253	1	71.20908446536853
1253	2	57.131484680077435
1253	3	96.84843355873895
1253	4	77.08114417421791
1253	5	156.32789198557992
1253	6	63.77534932413126
1253	7	92.9101556463002
1253	8	125.25989193394207
1253	9	182.11761503797618
1253	10	36.21387630053218
1254	4	44.56483279886716
1255	1	399.14968319985167
1255	2	283.2341471377475
1255	3	333.13984099757
1255	4	531.6020828790975
1255	5	610.9830188654023
1255	6	299.8205797408934
1255	7	341.7515417770084
1255	8	494.0121019632477
1255	9	886.1492482816262
1255	10	456.5832832342
1256	1	396.2764198348608
1256	2	329.97162442211487
1256	3	351.66709932106903
1256	4	606.7638176562924
1256	5	584.7932963844837
1256	6	339.65607659708826
1256	7	397.60817852215376
1256	8	520.5658675591994
1256	9	943.8655382531638
1256	10	441.8955391426007
1257	1	346.8869091334626
1257	2	277.79538517425163
1257	3	294.7546816841089
1257	4	476.9632526860415
1257	5	530.9546306506902
1257	6	301.4036310277779
1257	7	346.8263742121916
1257	8	456.0980077124896
1257	9	867.3488357541478
1257	10	383.50205859288405
1258	1	286.2856569804344
1258	2	211.69267097483947
1258	3	234.85390192143063
1258	4	361.6111648841376
1258	5	457.71601885962787
1258	6	248.4949991426902
1258	7	294.75785962013794
1258	8	394.3840524480326
1258	9	687.3954339760697
1258	10	294.01227618985615
1259	1	316.0540316153065
1259	2	244.2448565123077
1259	3	269.2224335756848
1259	4	411.15758651077215
1259	5	493.06793259608736
1259	6	282.33759741161975
1259	7	329.50985369166744
1259	8	422.3541346530893
1259	9	815.1272482726902
1259	10	353.2102780745273
1260	1	69.26752400147723
1260	2	55.83894770555284
1260	3	98.18695132208174
1260	4	75.56021612074954
1260	5	158.75027032666515
1260	6	63.54123614797538
1260	7	93.49574645272457
1260	8	128.48561585814122
1260	9	185.99771023586428
1260	10	38.56060553351318
1261	1	387.34840062042
1261	2	279.7776667974956
1261	3	323.1521082536898
1261	4	519.895324797886
1261	5	610.5307672137417
1261	6	297.3405279580905
1261	7	338.14115099861016
1261	8	490.16663755724414
1261	9	860.5149408994793
1261	10	424.18710540378277
1262	1	382.89548909684
1262	2	326.1723329327206
1262	3	341.5968526170165
1262	4	591.8487244584253
1262	5	582.001835797523
1262	6	336.3680584828449
1262	7	392.5595063506399
1262	8	516.3288161367308
1262	9	914.0925497688122
1262	10	409.72301330815014
1263	1	332.14661616008334
1263	2	273.6416023262866
1263	3	284.70512532723137
1263	4	459.0987198493401
1263	5	525.8939278989751
1263	6	297.35151423728576
1263	7	340.4182397983295
1263	8	451.605718516192
1263	9	833.8809034531146
1263	10	351.9337441228247
1264	1	270.44476837512
1264	2	207.17989697322807
1264	3	224.9286077890967
1264	4	341.12143103055877
1264	5	450.51053367250057
1264	6	243.73931259933147
1264	7	287.0992842293492
1264	8	389.7681031149369
1264	9	650.7421481224138
1264	10	263.4214170175996
1265	1	299.404875610711
1265	2	239.37684877638873
1265	3	259.524108702573
1265	4	388.42580416362665
1265	5	483.89586435881847
1265	6	276.954394451863
1265	7	320.73799475581853
1265	8	417.73858819421184
1265	9	775.8531491099989
1265	10	323.9568601906698
1266	1	67.86842113043542
1266	2	52.82529064843728
1266	3	97.81151997975644
1266	4	73.02844875574809
1266	5	161.31583339260428
1266	6	62.75024714676879
1266	7	92.0999038528449
1266	8	129.86474765936006
1266	9	186.28379836912853
1266	10	40.45419963441852
1267	6	42.46305145176998
1267	9	87.76686145865379
1268	1	370.2680788286076
1268	2	273.9595119858571
1268	3	314.72335139321433
1268	4	493.19728544645807
1268	5	597.0196931959938
1268	6	290.6608561857712
1268	7	327.0883984942125
1268	8	486.1871639393672
1268	9	817.1278742527555
1268	10	400.8858146783983
1269	1	357.292995517412
1269	2	297.30516352926463
1269	3	317.89627413920033
1269	4	541.1662882807867
1269	5	567.7020380249439
1269	6	314.33154924747595
1269	7	368.67376914887103
1269	8	502.1510026896095
1269	9	787.1989742878843
1269	10	373.3059026798739
1270	1	305.0403827417158
1270	2	254.24056328757916
1270	3	268.01060115094214
1270	4	420.86609339943084
1270	5	511.18452022613604
1270	6	281.55686136777007
1270	7	321.61599093538484
1270	8	442.84628016590267
1270	9	700.8227366816852
1270	10	323.4370845758616
1271	1	244.3570769944762
1271	2	187.99600642107953
1271	3	209.63934580337377
1271	4	303.32827151747443
1271	5	435.7871741878205
1271	6	228.41253643002275
1271	7	267.9096250218923
1271	8	381.22086731999565
1271	9	545.4371053800079
1271	10	238.18508608436082
1272	1	278.16121876490445
1272	2	221.7618092699834
1272	3	246.39478480641452
1272	4	354.795910749582
1272	5	469.5603349214771
1272	6	262.61618591072266
1272	7	303.1367145318478
1272	8	409.3401273787657
1272	9	651.0473362221355
1272	10	304.66308433791164
1273	1	68.60855579121436
1273	2	50.91573120631915
1273	3	99.00120450347646
1273	4	72.77977290176831
1273	5	164.93932675016916
1273	6	63.812081676816796
1273	7	91.90228966753774
1273	8	130.97092257323868
1273	9	178.78489463722798
1273	10	42.526163650342056
1274	1	357.53481372905634
1274	2	258.5040216371946
1274	3	305.4946226615312
1274	4	468.0559321451761
1274	5	586.1532320936864
1274	6	278.74113914112576
1274	7	312.0260621587034
1274	8	481.1165058119934
1274	9	702.2769433063706
1274	10	391.76403855139233
1275	1	353.2377679667419
1275	2	291.32441535075037
1275	3	315.98736723855933
1275	4	525.8547977335427
1275	5	558.6696238256359
1275	6	309.3556122776216
1275	7	360.9405199507834
1275	8	501.9301610165678
1275	9	759.1015462606686
1275	10	373.44778246349784
1276	1	303.52662557125797
1276	2	248.57596070005832
1276	3	267.0548190655892
1276	4	408.71036007847744
1276	5	504.25307860734347
1276	6	277.2453859533968
1276	7	315.1314385482136
1276	8	443.0414049892957
1276	9	676.5048542750676
1276	10	326.41779142898264
1277	1	245.41267021871317
1277	2	182.72107844009548
1277	3	209.6255256173879
1277	4	294.50668415620663
1277	5	431.166354932595
1277	6	224.82321172031428
1277	7	262.7829378232187
1277	8	381.782356169945
1277	9	525.0731243026738
1277	10	243.81435892791148
1278	1	281.75033771111225
1278	2	216.9440712713695
1278	3	247.2983693664615
1278	4	349.40623428185785
1278	5	467.3948737144191
1278	6	259.78855734764596
1278	7	299.44384246707085
1278	8	410.2121188470826
1278	9	634.7303894967789
1278	10	312.70458764188635
1279	2	52.69061983836474
1279	3	100.13338975636461
1279	4	75.4638025416155
1279	5	169.65265651705857
1279	6	64.61668862478595
1279	7	91.43142922270928
1279	8	131.2202111478808
1279	9	175.73681756830587
1280	1	27.083963537198002
1281	1	367.8747525199888
1281	2	255.37437805652604
1281	3	308.87317316594914
1281	4	472.71889038544407
1281	5	591.4947474379654
1281	6	278.2425146999313
1281	7	312.73011481363875
1281	8	482.5549557642996
1281	9	697.8837416558732
1281	10	405.23117375337813
1282	1	365.34568251367466
1282	2	288.82549020361967
1282	3	320.0581414115949
1282	4	533.5181096321919
1282	5	566.305791763358
1282	6	309.58302685350174
1282	7	363.0186488870286
1282	8	503.4365219280474
1282	9	758.376977766098
1282	10	388.0173663481262
1283	1	317.0739079833453
1283	2	246.7200545399764
1283	3	271.7335455640555
1283	4	419.07492378069304
1283	5	513.9543044173562
1283	6	278.1427640796724
1283	7	318.4776551702702
1283	8	444.5606293175836
1283	9	679.1975924161907
1283	10	341.7024572235082
1284	1	260.0287078686399
1284	2	181.5064260715169
1284	3	214.81904269323257
1284	4	307.209815844679
1284	5	442.63326726637723
1284	6	226.31788632546298
1284	7	267.257916424566
1284	8	383.265300965123
1284	9	530.8866939597453
1284	10	259.41749568991514
1285	1	297.0313841613719
1285	2	216.35470449590417
1285	3	252.90614628289762
1285	4	364.03130868727453
1285	5	480.2652232084554
1285	6	261.79322430247265
1285	7	304.8779882802433
1285	8	411.6170048495002
1285	9	643.3337783460546
1285	10	328.2284531838101
1286	1	70.8144996169279
1286	2	56.20669174034659
1286	4	79.70473422311643
1286	5	174.19973601945
1286	6	65.74483477297699
1286	7	93.48873829967444
1286	8	132.8300779424662
1286	9	174.11063619072593
1286	10	44.1288293840483
1287	9	71.75631335095017
1288	1	382.55129207878707
1288	2	256.42986933884197
1288	3	315.0733762172962
1288	4	490.2444730934196
1288	5	605.9187638081088
1288	6	281.1443463860877
1288	7	319.783531402336
1288	8	483.5646870911602
1288	9	712.6939601526063
1288	10	418.2437379676528
1289	1	378.9513136411872
1289	2	290.31241735500544
1289	3	326.2331269322479
1289	4	550.9985000612942
1289	5	580.2615549138391
1289	6	312.5512128362627
1289	7	370.13734034723933
1289	8	504.29401137647875
1289	9	774.5328543995874
1289	10	399.51332324625906
1290	1	329.20156221887214
1290	2	248.56404604119712
1290	3	277.7742503046966
1290	4	436.0100518780115
1290	5	526.9332243162498
1290	6	281.0580662660158
1290	7	325.41112296987154
1290	8	445.27270716141214
1290	9	696.3630883522981
1290	10	351.4003446126328
1291	1	270.3051128642581
1291	2	183.6266526783956
1291	3	220.6210056447652
1291	4	323.12398468157465
1291	5	454.14002818594065
1291	6	229.06433002029942
1291	7	273.7569284980416
1291	8	383.8487199572542
1291	9	548.7555271034431
1291	10	267.08109733340996
1292	1	305.12781104346084
1292	2	218.66634015061226
1292	3	258.37164404944
1292	4	378.48649239878415
1292	5	489.83322848251976
1292	6	264.26140274585606
1292	7	310.7008933553232
1292	8	412.09781233402737
1292	9	661.6373934095782
1292	10	333.6725374659676
1293	3	104.82019042100379
1293	4	82.32526064406385
1293	5	177.08332947216627
1293	6	65.90447743723114
1293	7	96.1554720165756
1293	8	135.93640981814806
1293	9	174.6890386200918
1293	10	45.6228596217235
1294	1	382.72082439245764
1294	2	258.80724516635337
1294	3	319.0406693209182
1294	4	498.2497623224966
1294	5	607.3803684568562
1294	6	282.2331486759025
1294	7	322.2959434144593
1294	8	483.9722519901758
1294	9	731.1556818588914
1294	10	416.4922335334428
1295	1	376.2485062360115
1295	2	292.5563107179398
1295	3	329.5795941920463
1295	4	556.3974551730183
1295	5	578.4943464814637
1295	6	313.04949630770676
1295	7	371.2030923106277
1295	8	504.77516070672397
1295	9	792.8376394270163
1295	10	395.3890064323576
1296	1	323.6403154525976
1296	2	250.61063507156484
1296	3	280.4637076918918
1296	4	438.71030403586064
1296	5	521.820133041303
1296	6	280.9313470337329
1296	7	324.91308379194396
1296	8	445.8826639142648
1296	9	714.4947717913165
1296	10	345.02059439750377
1297	1	262.5005218671323
1297	2	190.1610951749364
1297	3	226.61210369269583
1297	4	326.52292134741407
1297	5	445.6641574646246
1297	6	229.11518235082866
1297	7	270.62231067395624
1297	8	386.4077257885738
1297	9	597.4083444580903
1297	10	261.68117264850395
1298	1	297.08909803751214
1298	2	229.83061971075986
1298	3	266.029610887325
1298	4	382.1903590604402
1298	5	478.0826647637067
1298	6	266.2968799223588
1298	7	308.2574769111744
1298	8	416.2248691948268
1298	9	737.6739891833739
1298	10	328.35796777433615
1299	1	74.51356533172874
1299	2	65.1544127956437
1299	3	109.4531055860638
1299	4	86.09028386311212
1299	5	178.18183090502316
1299	6	66.31829149646887
1299	7	96.98599388567274
1299	8	140.73281610525595
1299	9	189.99849465718918
1299	10	47.908442736176134
1300	1	364.2779904029103
1300	2	263.6471880386265
1300	3	321.80675808221065
1300	4	490.683106415605
1300	5	587.3970288255418
1300	6	279.01933129920354
1300	7	313.1463129314088
1300	8	487.2328194152361
1300	9	815.6800622951309
1300	10	404.1042881565826
1301	1	359.0166365346205
1301	2	298.3234963072691
1301	3	332.54098176083005
1301	4	549.8975746730773
1301	5	556.6351846039432
1301	6	309.1722444893109
1301	7	361.32735627559265
1301	8	509.1745036931777
1301	9	877.9146350514015
1301	10	384.32176568187214
1302	1	314.7257065672529
1302	2	266.7304228541118
1302	3	292.2467054321463
1302	4	440.4647850255252
1302	5	498.6700100860845
1302	6	286.8100064989459
1302	7	321.04760371886834
1302	8	456.20280305519157
1302	9	817.2080586621014
1302	10	341.3412927114081
1303	1	243.7136463464729
1303	2	190.1367459062037
1303	3	224.7743890097879
1303	4	314.5824961851719
1303	5	421.88150070467435
1303	6	225.29252799747758
1303	7	258.3726629283366
1303	8	389.86563033422914
1303	9	618.5067214634684
1303	10	247.90562730863758
1304	1	278.75496142693726
1304	2	229.75072097804102
1304	3	263.9587295604829
1304	4	370.36375226304324
1304	5	454.3847987370509
1304	6	262.4653031802306
1304	7	295.2561336390115
1304	8	420.18660059862594
1304	9	760.0014022742042
1304	10	315.537882616121
1305	1	74.97659814073526
1305	2	64.4063159881684
1305	3	107.66461756239283
1305	4	84.1673144878465
1305	5	179.06121869050844
1305	6	65.82638521709785
1305	7	95.45421200747211
1305	8	142.7816423669372
1305	9	195.36865832232624
1305	10	46.23428562876538
1306	6	44.142387556446536
1307	1	350.7431083812734
1307	2	264.05954535668434
1307	3	319.76542638305443
1307	4	482.69678100521065
1307	5	568.5863713336933
1307	6	276.06745859054155
1307	7	299.62830565403226
1307	8	492.70161309007267
1307	9	842.6379230584238
1307	10	396.8725107773921
1308	1	348.1739233305159
1308	2	299.1529228768918
1308	3	330.76871857505665
1308	4	544.33195618061
1308	5	541.0115000284682
1308	6	306.8238358023606
1308	7	348.26975516646496
1308	8	515.112366974591
1308	9	906.6081885210585
1308	10	379.78594834448796
1309	1	307.0596801327757
1309	2	268.1123072636075
1309	3	290.87429396483196
1309	4	437.8394304788826
1309	5	486.96869558542426
1309	6	285.2149777923487
1309	7	308.77633386092816
1309	8	462.57795954696223
1309	9	847.6562204293741
1309	10	339.8578221896585
1310	1	239.65254876011454
1310	2	192.20655964118998
1310	3	223.92897928626343
1310	4	315.3649118483967
1310	5	414.781661463223
1310	6	224.5921632730329
1310	7	247.20872184020692
1310	8	396.6381533869926
1310	9	650.6753901163855
1310	10	249.7822473504354
1311	1	278.65946560520683
1311	2	232.6402851831708
1311	3	263.7609429499213
1311	4	374.95647301571296
1311	5	452.4901962708238
1311	6	262.78876685691216
1311	7	285.508422086942
1311	8	427.30931095705404
1311	9	793.801235996633
1311	10	321.0266251328815
1312	1	75.51946334045141
1312	2	65.38427184327246
1312	3	106.17455572883009
1312	4	83.58444126872527
1312	5	181.26725915833873
1312	6	67.54896880013635
1312	7	94.772827044714
1312	8	142.81004955648314
1312	9	202.34284892817894
1312	10	44.593941645734276
1313	1	33.1839899877682
1314	1	363.8970123871683
1314	2	270.1067228254203
1314	3	322.1277319242205
1314	4	500.32625334141846
1314	5	584.9250720900943
1314	6	280.06967667182755
1314	7	295.75934787250645
1314	8	500.53603526410836
1314	9	880.2458700461434
1314	10	414.07151735447155
1315	1	365.892872524937
1315	2	306.4367988855456
1315	3	334.14221732525505
1315	4	566.5332681497696
1315	5	563.8975028701038
1315	6	312.185944518438
1315	7	346.7983543156255
1315	8	523.0588833012876
1315	9	944.9537527453028
1315	10	400.9492825894005
1316	1	329.25846835309096
1316	2	276.69267891386187
1316	3	295.3086807118715
1316	4	464.55957087716257
1316	5	516.4110820378291
1316	6	291.9645724692214
1316	7	309.85558035184806
1316	8	470.57135577495114
1316	9	886.4008695098382
1316	10	364.8970325999063
1317	1	266.1500932906562
1317	2	202.11987758834778
1317	3	229.45397042808847
1317	4	346.4493884293918
1317	5	450.64636791759847
1317	6	232.73150355048506
1317	7	250.94595270236562
1317	8	404.6137595913132
1317	9	689.4474797039245
1317	10	278.5384918818708
1318	1	309.18197059034526
1318	2	243.89769026422348
1318	3	270.3852015747736
1318	4	410.15167156344813
1318	5	494.4997761850551
1318	6	272.29436651592613
1318	7	291.9624024668385
1318	8	435.2043966123771
1318	9	832.2047078263835
1318	10	353.2734165893263
1319	1	76.65400573009659
1319	2	67.93722276305259
1319	3	107.15491081923662
1319	4	85.51389589300499
1319	5	184.29326452758536
1319	6	71.34573803645011
1319	7	97.59971146936496
1319	8	141.78885152149337
1319	9	208.92429950933618
1319	10	45.37897417576235
1320	9	107.46516543589348
1321	1	442.40153124273843
1321	2	351.59868525351453
1321	3	365.3007766957137
1321	4	576.7430708658776
1321	5	642.3434328288519
1321	6	324.0590607249193
1321	7	333.9358243608485
1321	8	534.2878311687708
1321	9	1083.9552284181639
1321	10	475.67298127658364
1322	1	413.7299287301644
1322	2	355.88536786647717
1322	3	351.024266312338
1322	4	618.6401051283289
1322	5	625.0386727439584
1322	6	329.99340103183357
1322	7	367.3837033510125
1322	8	538.6373112725047
1322	9	1139.4713944679834
1322	10	446.2638155700647
1323	1	381.68538037628593
1323	2	330.1171214788197
1323	3	313.82128607451364
1323	4	519.1291040731674
1323	5	580.4017376690751
1323	6	305.89771329190086
1323	7	326.0874663123925
1323	8	486.7566238029658
1323	9	1076.9486557376067
1323	10	414.2807304168068
1324	1	307.3429171942028
1324	2	248.88543587435697
1324	3	239.09820270303783
1324	4	393.2369251363079
1324	5	516.5406536298558
1324	6	238.58528244543152
1324	7	262.6649273665937
1324	8	413.9728371526599
1324	9	761.3307891381854
1324	10	321.0578036548625
1325	1	322.8437434132076
1325	2	249.2272053902958
1325	3	255.9637531122389
1325	4	432.72996619851045
1325	5	561.300753396705
1325	6	263.1313816634154
1325	7	293.5280387108923
1325	8	425.64806595583497
1325	9	841.3317721586119
1325	10	376.0044120445356
1326	6	17.159539827577728
1326	9	76.25322607310201
1327	4	19.320000000008
1327	6	9.049743589734
1327	9	17.40384615383
1328	1	28.38545719914434
1328	4	25.583000420267094
1328	5	31.757080880081492
1328	6	10.55464063992001
1328	8	33.210586161908395
1328	9	21.94327857850328
1329	1	992.97733371905
1329	2	996.6476865809283
1329	3	751.5321679084759
1329	4	1414.618379222218
1329	5	1043.2965251460255
1329	6	758.3350221228309
1329	7	718.3959875068033
1329	8	958.6218113973101
1329	9	1625.6476294564502
1329	10	1174.5620835010743
1330	1	785.1796398478
1330	2	710.6674380710112
1330	3	566.2059789507348
1330	4	1127.7207690966607
1330	5	863.3166051305798
1330	6	696.0888002695588
1330	7	698.4162682021338
1330	8	810.1900903273513
1330	9	1399.8946285304082
1330	10	891.1203026074609
1331	1	606.1659947408087
1331	2	514.2906700834424
1331	3	402.0637267993517
1331	4	937.8789124915818
1331	5	794.6327804120931
1331	6	633.18316266438217
1331	7	563.43478932900956
1331	8	675.8615107290311
1331	9	1153.341991785042
1331	10	739.6012251847401
1332	1	483.515568012744
1332	2	367.6493072147904
1332	3	341.30553828427145
1332	4	671.6718448908641
1332	5	607.2013331597743
1332	6	341.65494661686483
1332	7	381.06719802014703
1332	8	454.66026686799296
1332	9	891.1168937102505
1332	10	552.4160011366228
1333	1	98.41054303325075
1333	2	85.52280038463408
1333	3	124.9292454868144
1333	4	105.75942543047935
1333	5	184.23496553902984
1333	6	82.73684336415351
1333	7	108.43590289899353
1333	8	148.52771525105274
1333	9	214.06977755814017
1333	10	65.39361992053844
1334	1	595.3548070678771
1334	2	453.87226298449394
1334	3	437.86087893692377
1334	4	798.7279704356968
1334	5	732.2131656338331
1334	6	399.8486839105924
1334	7	432.95911094781525
1334	8	551.886174700081
1334	9	963.4242190610089
1334	10	650.379149179551
1335	1	518.4273476588536
1335	2	419.8524965060468
1335	3	402.24176031171214
1335	4	751.1210873088196
1335	5	704.8681495034241
1335	6	385.57065283073626
1335	7	441.2591652896655
1335	8	544.8474796850967
1335	9	1002.4926330555131
1335	10	578.6647645139448
1336	1	473.49059054824534
1336	2	383.15241831562133
1336	3	361.86368123365287
1336	4	637.8892843223082
1336	5	649.3345961834682
1336	6	359.7827148634609
1336	7	400.85943785460637
1336	8	488.80462114581974
1336	9	927.1559446136328
1336	10	538.766425741027
1337	1	422.3381839811412
1337	2	327.40232909922554
1337	3	307.22467318236806
1337	4	530.945954324461
1337	5	573.9696694262672
1337	6	313.4587684522969
1337	7	354.28824698827987
1337	8	433.246538768001
1337	9	752.5042470194114
1337	10	464.16017571216594
1338	1	445.3588695364239
1338	2	353.28252258794953
1338	3	340.84895545538706
1338	4	576.312054673261
1338	5	606.8821973069744
1338	6	343.29502503628737
1338	7	384.67583559624717
1338	8	457.6763889458623
1338	9	879.1089769399543
1338	10	520.2153392618342
1339	1	98.86855456095105
1339	2	84.23446580796858
1339	3	127.38470173797917
1339	4	105.34451927295483
1339	5	181.6580212293228
1339	6	81.44647247452062
1339	7	107.10597687546866
1339	8	150.99940464190195
1339	9	213.13578793429264
1340	5	148.05968716368938
1340	6	51.7078499346943
1340	9	102.96803089645974
1341	1	514.4533353209589
1341	2	386.17053473586947
1341	3	395.49626948691025
1341	4	683.1021743934855
1341	5	716.4095610375173
1341	6	357.6303133489384
1341	7	393.8908160548625
1341	8	527.0615060442815
1341	9	931.1035518331722
1341	10	600.5191596348945
1342	1	506.71473192758157
1342	2	415.7627060050452
1342	3	400.94465233944607
1342	4	738.5800565859488
1342	5	685.4497382323784
1342	6	383.3900729891742
1342	7	437.5315205999177
1342	8	545.2758744254731
1342	9	1004.6724603512118
1342	10	588.9559229388865
1343	1	470.41497417567814
1343	2	386.5348899208577
1343	3	363.5407127478511
1343	4	631.2636774961949
1343	5	627.2149352910083
1343	6	363.7331903810631
1343	7	400.60114803684075
1343	8	494.4114346567964
1343	9	950.9084105984198
1343	10	550.2742490737485
1344	1	412.2075358177739
1344	2	322.91967530449494
1344	3	302.5256468488247
1344	4	519.9662950518712
1344	5	550.1115199692616
1344	6	311.1139947304269
1344	7	346.604967114598
1344	8	435.57996227780296
1344	9	771.3622691624587
1344	10	474.34303499265513
1345	1	455.8574527497604
1345	2	371.3312133860124
1345	3	345.4859747042437
1345	4	585.120440399596
1345	5	582.2720600895634
1345	6	353.4135770012047
1345	7	384.48739924595185
1345	8	469.9980230376624
1345	9	915.4396220858057
1345	10	540.058053183124
1346	1	98.463163251674
1346	2	83.80045095955751
1346	3	126.59873542770781
1346	4	103.29499614804604
1346	5	182.52930555706473
1346	6	79.95391352195692
1346	7	103.11006447770643
1346	8	152.82049904660053
1346	9	212.8387802336613
1346	10	66.76256627609732
1347	1	397.60132391443346
1347	2	295.3896782562401
1347	3	307.54223148305834
1347	4	543.0778841987988
1347	5	569.3378539100449
1347	6	299.335381365016
1347	7	331.02451117388256
1347	8	507.2250560772653
1347	9	844.0688825273426
1347	10	499.28662817450845
1348	1	551.4569893205178
1348	2	430.5398200011568
1348	3	403.4163577254124
1348	4	698.7108044455537
1348	5	707.2376815486581
1348	6	376.55970581893484
1348	7	402.7962360694619
1348	8	545.8333143444645
1348	9	979.0642932784478
1348	10	642.8430406584845
1349	1	508.1679469338567
1349	2	419.11239019144057
1349	3	392.83707412283763
1349	4	739.0144130702647
1349	5	667.2605072956874
1349	6	379.82992181249006
1349	7	423.39127032713895
1349	8	552.8845508416769
1349	9	993.5733450704025
1349	10	584.5782951770484
1350	1	412.7969033487476
1350	2	325.78213383261954
1350	3	304.09500033636584
1350	4	596.7333568074054
1350	5	612.6607260128312
1350	6	314.8605573731921
1350	7	345.7944611452066
1350	8	479.8393601702164
1350	9	920.8068640789913
1350	10	510.5463373812669
1351	1	291.687008530125
1351	2	201.63506993935383
1351	3	207.8292970293446
1351	4	390.78621498591286
1351	5	539.7951870800092
1351	6	238.9771708341279
1351	7	260.24898492228795
1351	8	405.51807830651285
1351	9	671.1281817296164
1351	10	353.9508935081962
1352	2	27.297334438699636
1352	8	35.941621097204035
1352	9	26.815079315280634
1352	10	21.48478260871
1353	1	754.7661386495922
1353	2	477.4722607884322
1353	3	392.04734329608414
1353	4	890.3673203756275
1353	5	907.867349870623
1353	6	405.2884082042796
1353	7	335.6223541839203
1353	8	670.3337466481037
1353	9	1160.568554588386
1353	10	832.3827473627474
1354	1	688.0783421300937
1354	2	431.3899629612347
1354	3	327.01978650144673
1354	4	791.9324150392613
1354	5	774.9795617188202
1354	6	338.54249214636104
1354	7	290.96710074746295
1354	8	668.2006350675878
1354	9	1042.923645478356
1354	10	623.0436264451102
1355	5	169.13066579331365
1355	8	108.96957558474284
1355	9	103.51637758656668
1356	1	620.1388863101377
1356	2	361.2070836684129
1356	3	351.42696399469935
1356	4	731.1820259635663
1356	5	738.157551334622
1356	6	339.38069442253635
1356	7	332.5466363585525
1356	8	567.9030407522152
1356	9	929.3061758992492
1356	10	553.0685555452974
1357	1	552.6204231935078
1357	2	350.1105387172745
1357	3	351.84677577558114
1357	4	734.0471721130413
1357	5	715.1714834036354
1357	6	341.01003461446504
1357	7	380.21213602122276
1357	8	555.3522147579072
1357	9	949.5562948457007
1357	10	482.20663133646724
1358	1	512.5542489852364
1358	2	314.4088206340574
1358	3	308.92413893142015
1358	4	626.3983338123805
1358	5	664.2785783503023
1358	6	315.58524437059896
1358	7	340.0611224940437
1358	8	499.99110232491336
1358	9	876.9296577230134
1358	10	437.4874914123351
1359	1	421.40097023844424
1359	2	243.7221611872776
1359	3	245.97127621022727
1359	4	504.55838080975343
1359	5	593.6066959138352
1359	6	258.4158685405062
1359	7	282.7727413691209
1359	8	437.86169773577325
1359	9	709.5583591873699
1359	10	344.1451904109529
1360	1	451.59401607857524
1360	2	272.2003830980647
1360	3	278.1116268150752
1360	4	554.4412369047889
1360	5	631.0325453704011
1360	6	289.01376880258175
1360	7	317.1228622528125
1360	8	462.58824703755033
1360	9	819.4892244295455
1360	10	403.30385186418414
1361	1	84.55941168677245
1361	2	60.72075482360668
1361	3	101.66040540315018
1361	4	89.41852473730663
1361	5	210.2182463259009
1361	6	71.05200432144692
1361	7	99.3070398020855
1361	8	143.98422468281282
1361	9	204.01227060307824
1361	10	48.39688385724675
1362	6	51.20726795437925
1363	1	531.9104649627512
1363	2	308.2047045700141
1363	3	334.61009859651807
1363	4	670.3386837072176
1363	5	750.7868610655339
1363	6	304.17049322905166
1363	7	327.86267223816316
1363	8	531.1119651007645
1363	9	866.0109189419097
1363	10	477.53213056263655
1364	1	526.2149289524879
1364	2	342.1514790947632
1364	3	343.48684284209764
1364	4	727.1709947155962
1364	5	721.4571130439474
1364	6	333.07344383983815
1364	7	376.24699303939246
1364	8	550.4085098599335
1364	9	921.5994695014739
1364	10	453.359801410465
1365	1	480.04558835527973
1365	2	301.9937946706913
1365	3	297.26637864115736
1365	4	612.6765811181588
1365	5	663.6799188457214
1365	6	304.3080029763755
1365	7	333.989612666884
1365	8	492.08285275347384
1365	9	842.8910440578807
1365	10	404.6008357307495
1366	1	419.2673376790969
1366	2	236.58247176477073
1366	3	238.10710866973338
1366	4	494.17738575947493
1366	5	585.7343873681361
1366	6	251.03241637238372
1366	7	280.77343106625005
1366	8	429.79270469378145
1366	9	676.5579954338152
1366	10	315.10102001612046
1367	1	445.5983530862047
1367	2	264.197443049881
1367	3	269.9228535474079
1367	4	540.3061538522654
1367	5	615.6595593551892
1367	6	281.32721425692404
1367	7	315.29202931381775
1367	8	453.73034121598164
1367	9	783.7150024312642
1367	10	372.24388283699875
1368	1	83.39470770759938
1368	2	58.980000038075616
1368	3	102.42816765770058
1368	4	89.94419892492584
1368	5	212.76596299480067
1368	6	69.66837119876749
1368	7	99.07102507718024
1368	8	146.1071265595027
1368	9	201.13310848986936
1368	10	46.70595709450781
1369	5	179.14009903955875
1369	6	49.5457057996874
1370	1	514.672634512559
1370	2	297.3923885355092
1370	3	325.39327156090025
1370	4	645.6941714113187
1370	5	713.2516644602731
1370	6	295.68897038076034
1370	7	325.942213045966
1370	8	520.3914157057097
1370	9	824.1838781776983
1370	10	441.0934595161572
1371	1	505.6129495681554
1371	2	330.4152621796155
1371	3	333.9577176162169
1371	4	699.553540944544
1371	5	677.2111226768786
1371	6	324.400359318591
1371	7	374.14132062169654
1371	8	539.2684174670845
1371	9	878.6096549779453
1371	10	415.4962795743037
1372	1	456.3927508801685
1372	2	289.3848965764801
1372	3	287.4654940509953
1372	4	582.475343124821
1372	5	613.3261636714301
1372	6	295.49640244259956
1372	7	331.6472551961509
1372	8	480.6368255854345
1372	9	799.1914794841969
1372	10	365.5618159387543
1373	1	392.93857259641544
1373	2	223.17874879096667
1373	3	228.08992282314594
1373	4	461.8425302416355
1373	5	530.0160981974508
1373	6	242.14368923131164
1373	7	278.1603197282972
1373	8	418.1595061985757
1373	9	632.6025425344941
1373	10	275.16852584592596
1374	1	417.02052589395953
1374	2	250.10212463486172
1374	3	259.7589128769713
1374	4	506.337633727606
1374	5	555.4426910305116
1374	6	272.42973709174
1374	7	312.3918428366771
1374	8	442.0319534657573
1374	9	739.9489231227212
1374	10	331.7270151931105
1375	1	82.42918222382615
1375	2	57.83826271262497
1375	3	104.48630442485471
1375	4	91.97810055438478
1375	5	209.25611353139607
1375	6	67.22326194093861
1375	7	95.51992624194077
1375	8	149.4978399503973
1375	9	197.70214511966023
1375	10	44.734257371562364
1376	9	95.92146712785537
1377	1	482.2600466269894
1377	2	282.0618089913727
1377	3	315.32583612292444
1377	4	610.1303861989524
1377	5	645.640115144362
1377	6	287.2206428715426
1377	7	322.254200096159
1377	8	509.2307708875227
1377	9	783.4415799154806
1377	10	400.8514152224956
1378	1	472.9493114448602
1378	2	315.01063653546896
1378	3	324.1314449684416
1378	4	664.5933635205456
1378	5	609.348289622964
1378	6	316.2326817373955
1378	7	370.2667600629045
1378	8	528.521475413402
1378	9	839.5842740722297
1378	10	376.04420652109957
1379	1	397.02631709803876
1379	2	261.23707603692543
1379	3	267.58559381151053
1379	4	510.8171311708512
1379	5	546.343600806239
1379	6	287.5904974083517
1379	7	324.8964461525222
1379	8	463.06066438633565
1379	9	734.2037516181292
1379	10	299.64239151135865
1380	1	328.70167238649344
1380	2	189.5807533836064
1380	3	204.01872971113966
1380	4	383.5237199459014
1380	5	465.0204031368969
1380	6	230.483819829326
1380	7	268.1679642999327
1380	8	398.3583450795788
1380	9	570.7255180332423
1380	10	208.5084704075549
1381	1	357.9764774500204
1381	2	221.08606461109122
1381	3	239.57420079704127
1381	4	434.01376547985143
1381	5	493.4897936226592
1381	6	264.59015094417884
1381	7	303.80869618837323
1381	8	425.17176391856583
1381	9	676.6401962523582
1381	10	268.8662795369647
1382	1	84.20505052857979
1382	2	61.14485336979883
1382	3	108.84626629517652
1382	4	87.15193406029748
1382	5	204.84629910830682
1382	6	68.64206615476706
1382	7	94.42814169824076
1382	8	154.24280732956043
1382	9	194.2820319752096
1383	1	41.92012649363136
1383	2	33.30007177066992
1383	6	46.48954563608099
1384	1	429.13969601457467
1384	2	255.6464173568565
1384	3	297.51342084626464
1384	4	549.5460709505458
1384	5	598.2940067256575
1384	6	281.24882700919784
1384	7	314.3499114335101
1384	8	494.88564579272327
1384	9	729.7114777567833
1384	10	341.4823093397889
1385	1	422.3178315513723
1385	2	285.5453010261626
1385	3	302.9150833631045
1385	4	613.3195819042251
1385	5	568.3117867264258
1385	6	306.25194990975797
1385	7	359.64516339063806
1385	8	512.1427828438128
1385	9	785.7552873979809
1385	10	315.16034745433967
1386	1	377.775738371538
1386	2	251.86003318048205
1386	3	263.53388336641297
1386	4	496.464279586369
1386	5	512.1052749646733
1386	6	284.0386581657443
1386	7	322.15252760394884
1386	8	458.5348208273403
1386	9	714.9098145836301
1386	10	276.78147890456074
1387	1	312.27946340655
1387	2	181.62276837244642
1387	3	201.04416945531747
1387	4	372.74154426146305
1387	5	437.9138941822737
1387	6	227.64507086348914
1387	7	265.8994582957761
1387	8	394.77043223958106
1387	9	553.9024782665018
1387	10	188.48820738924195
1388	1	344.4167470200118
1388	2	214.62294532620814
1388	3	237.70606870124246
1388	4	426.756577544787
1388	5	473.68873228339254
1388	6	262.45524440751035
1388	7	302.0685088987649
1388	8	422.50612260002373
1388	9	662.1462304999397
1388	10	251.71040591445868
1389	1	86.07242879668624
1389	2	61.87226916184788
1389	3	109.60743388190465
1389	4	88.46311874625759
1389	5	204.08664711212515
1389	6	70.1979736524605
1389	7	94.87844582956325
1389	8	155.83696101959956
1389	9	193.55533423075457
1389	10	45.810207710360935
1390	1	423.6911782106094
1390	2	253.8228655899042
1390	3	298.9426799412365
1390	4	551.8003134320775
1390	5	599.8603607245554
1390	6	281.04883660191086
1390	7	314.387896453298
1390	8	494.7462585822374
1390	9	721.086305519007
1390	10	332.60275120514854
1391	1	419.20947533899385
1391	2	285.2165938754009
1391	3	305.3689399058049
1391	4	618.1566993265985
1391	5	576.3182499337415
1391	6	306.6015712425891
1391	7	360.2944831667112
1391	8	512.7220370612879
1391	9	778.6559854277958
1391	10	308.7926107898736
1392	1	376.7395655260641
1392	2	252.94966672816332
1392	3	266.94247810296804
1392	4	503.49489105545433
1392	5	525.9892426915915
1392	6	284.87485188778794
1392	7	323.39884153376863
1392	8	459.7531743309884
1392	9	709.1083241819093
1392	10	272.74055391073307
1393	1	313.00805381932764
1393	2	184.02603377179832
1393	3	205.31971535895985
1393	4	381.53439958806365
1393	5	457.00362338898606
1393	6	228.89779011107075
1393	7	267.7146528744327
1393	8	396.5404500396767
1393	9	549.1721824624628
1393	10	186.55929900057728
1394	1	346.5726658268373
1394	2	218.2093914999732
1394	3	242.74457047267933
1394	4	436.85028295434876
1394	5	497.2228206726177
1394	6	264.0491509784493
1394	7	304.4115197967204
1394	8	424.7346133429451
1394	9	658.2675012207944
1394	10	251.6545552063826
1395	1	88.65520934889383
1395	2	61.46629645564335
1395	3	109.02149573829915
1395	4	87.37012953127395
1395	5	206.87970458410024
1395	6	72.88229106715072
1395	7	98.52091744491096
1395	8	155.8641264179684
1395	9	194.00373587033826
1395	10	48.497014493000094
1396	4	50.171536948729326
1396	6	50.976432919123965
1397	1	427.95506035373194
1397	2	259.96850054934197
1397	3	305.5178879022661
1397	4	562.91267131925
1397	5	631.5906313408831
1397	6	283.18916677944316
1397	7	317.9578381261475
1397	8	497.76789597286415
1397	9	718.5847881474125
1397	10	336.5827596476284
1398	1	423.452289511846
1398	2	291.8360188658275
1398	3	312.1764058939041
1398	4	628.671013934013
1398	5	608.994452038836
1398	6	308.76612434127867
1398	7	364.12622842339096
1398	8	515.8180372929867
1398	9	776.2861543997991
1398	10	313.5720709163535
1399	1	380.6242870791002
1399	2	259.83995331111544
1399	3	273.83509898956055
1399	4	512.9839330263651
1399	5	558.739443633475
1399	6	286.9898668562295
1399	7	327.4095310907103
1399	8	462.83634209436275
1399	9	706.7453985040735
1399	10	278.0532138587424
1400	1	316.22585196067564
1400	2	190.98348279954183
1400	3	212.15088746366388
1400	4	389.61201668467015
1400	5	489.0017933616649
1400	6	230.89520454688775
1400	7	271.8190571957129
1400	8	399.53152175626934
1400	9	546.7167868280698
1400	10	192.15177542844208
1401	1	348.85045868108585
1401	2	225.03439897619694
1401	3	249.3713955506995
1401	4	443.18051854839723
1401	5	527.708822284894
1401	6	265.8681067355725
1401	7	308.52422328337286
1401	8	427.56416822954714
1401	9	655.645890723282
1401	10	257.2916166167413
1402	1	90.0274959635831
1402	3	107.66349567302522
1402	4	84.51271287693169
1402	5	209.4305653027413
1402	6	74.12747633571536
1402	7	101.81025325907348
1402	8	155.12633233430796
1402	9	195.1282521848914
1402	10	50.177201197252174
1403	1	426.2193142621107
1403	2	265.3091792856192
1403	3	310.7570838805995
1403	4	562.5915351779429
1403	5	653.8880418657673
1403	6	284.1977631506441
1403	7	321.61255059136084
1403	8	499.81799206536004
1403	9	715.2662320068506
1403	10	341.1893946518216
1404	1	420.1485976442258
1404	2	296.37750184170574
1404	3	316.73623835093457
1404	4	625.8878939163517
1404	5	627.7108097565895
1404	6	309.44730492693304
1404	7	367.4867211579518
1404	8	517.5560767274243
1404	9	772.7421071228702
1404	10	317.54613002394854
1405	1	375.72599299596897
1405	2	263.46793393315784
1405	3	277.6336833689992
1405	4	507.7337173855974
1405	5	573.6518790723201
1405	6	287.33337536437756
1405	7	330.4187984067294
1405	8	464.2607560928198
1405	9	703.0097555246417
1405	10	281.30495855591306
1406	1	309.7588987239224
1406	2	193.61057078526682
1406	3	215.12496814707671
1406	4	381.9589605051061
1406	5	500.0138079556903
1406	6	230.90195592435268
1406	7	274.4302685754793
1406	8	400.65557650909943
1406	9	542.8374125549734
1406	10	194.62570214595206
1407	1	340.89107259469654
1407	2	226.60197838917315
1407	3	251.47754547420686
1407	4	433.255006423941
1407	5	534.8484152342642
1407	6	265.5498884268284
1407	7	310.7015917155348
1407	8	428.41548240636416
1407	9	651.6814694628263
1407	10	258.9661225471133
1408	1	357.8116062834198
1408	2	257.26633841681013
1408	3	254.1126137480253
1408	4	445.760783139883
1408	5	527.2610321408681
1408	6	249.52181436601157
1408	7	293.0379952755367
1408	8	472.4828043751964
1408	9	636.5146544211223
1408	10	257.8751413097658
1409	6	9.049743589734
1409	8	26.803513188188777
1409	9	17.40384615383
1409	10	21.48478260871
1410	9	20.311052100812304
1411	1	411.38835410455334
1411	2	299.04218061347126
1411	3	312.13513030866227
1411	4	573.6860016532804
1411	5	696.9919248554429
1411	6	313.07681929648413
1411	7	330.4224552396134
1411	8	492.31701628348264
1411	9	772.9821158585878
1411	10	460.4598262317776
1412	1	280.82978960809106
1412	2	192.16082405859606
1412	3	214.60758972678155
1412	4	350.91896199088706
1412	5	490.4344981834538
1412	6	231.747057185426
1412	7	275.52842236358356
1412	8	402.6937697336307
1412	9	533.4130183026228
1412	10	204.5193325326178
1413	1	312.5421217461694
1413	2	224.63582503356102
1413	3	250.22803430207063
1413	4	401.648791517451
1413	5	524.2727454539755
1413	6	266.3132988206228
1413	7	311.9573911642251
1413	8	430.47958249398073
1413	9	643.1434985430245
1413	10	268.60057559724635
1414	1	75.08302317229933
1414	2	53.891056738505526
1414	3	104.64061689411105
1414	5	206.49981723695691
1414	6	68.40442009534549
1414	7	100.5391544872677
1414	8	153.703389418388
1414	9	197.28952310968674
1414	10	45.02085105802377
1415	3	79.47153729113002
1415	6	46.64774764831028
1415	9	94.696252139395
1416	1	384.0611530563815
1416	2	255.32670666057774
1416	3	303.66968816341443
1416	4	510.5210721793287
1416	5	640.7781724480038
1416	6	279.5555417844329
1416	7	321.08392922417056
1416	8	501.8816531500053
1416	9	696.403378682328
1416	10	345.69236071770354
1417	1	384.1685473290695
1417	2	295.9711711689515
1417	3	318.2255778200512
1417	4	578.546828094386
1417	5	613.2692215622959
1417	6	315.2456638729346
1417	7	372.0838673721496
1417	8	524.8957619801351
1417	9	751.3794994995078
1417	10	335.96070134137693
1418	1	332.57215679353345
1418	2	250.8408962805209
1418	3	267.9643015065673
1418	4	454.96471189507247
1418	5	558.8708593854983
1418	6	283.0632250353646
1418	7	326.23359341972576
1418	8	465.96950792624716
1418	9	683.0879601998322
1418	10	287.6347292440107
1419	1	272.9833784232398
1419	2	186.67897250834073
1419	3	209.78934755256262
1419	4	339.6497003641995
1419	5	485.86564009930805
1419	6	231.3831728100068
1419	7	273.58303756198205
1419	8	406.13780232067705
1419	9	533.7773738223923
1419	10	204.45567075990053
1420	1	306.1929091456589
1420	2	219.68983266522866
1420	3	245.60936099351034
1420	4	392.38547068866563
1420	5	522.2551258507044
1420	6	266.3120961543342
1420	7	310.0492850797003
1420	8	434.5583401042302
1420	9	644.0516628054446
1420	10	269.3371323575159
1421	1	71.95233728386722
1421	2	54.13216830506122
1421	3	106.36242862068272
1421	4	77.22443514528226
1421	5	206.54621614347394
1421	6	67.13008442533035
1421	7	101.7395067997795
1421	8	155.573815451434
1421	9	197.61196450270367
1421	10	43.297144751196086
1422	1	382.5547975511881
1422	2	252.85621918704993
1422	3	300.2679185636075
1422	4	507.7689757260065
1422	5	647.4227589738397
1422	6	280.7941972632308
1422	7	319.6161070724024
1422	8	507.8588624621798
1422	9	698.9011857054923
1422	10	349.29019157956054
1423	1	384.25915004571834
1423	2	294.55011031873545
1423	3	315.3955615604596
1423	4	577.935907944541
1423	5	622.8043481616
1423	6	316.9189434512341
1423	7	370.85581651775203
1423	8	531.4450072344168
1423	9	754.3837231888841
1423	10	340.59233329684616
1424	1	334.1867648693097
1424	2	250.54203152052685
1424	3	265.7646526467551
1424	4	456.3863739037696
1424	5	571.1334076762428
1424	6	285.166734676957
1424	7	325.28174685615573
1424	8	473.03091918982784
1424	9	686.5845225808664
1424	10	293.3018856343094
1425	1	276.0143907967998
1425	2	187.54859942520278
1425	3	208.26214046201238
1425	4	342.94377129678156
1425	5	500.60096581909545
1425	6	233.90366361102394
1425	7	272.93711516217996
1425	8	413.6347779559315
1425	9	537.751840450128
1425	10	211.137420427719
1426	1	310.50194930718123
1426	2	221.74677277321314
1426	3	244.77947044950616
1426	4	397.34525269703215
1426	5	539.1257228904615
1426	6	269.2278619556597
1426	7	309.7321365250928
1426	8	442.39882863879626
1426	9	648.4895827626099
1426	10	276.99087988938663
1427	2	55.35861030150889
1427	3	109.27069612881772
1427	4	77.8936041466392
1427	6	68.14627292421227
1427	8	158.83525708301156
1427	9	197.121747803414
1427	10	42.85492731040429
1428	1	31.913798389360437
1428	2	31.215400029696635
1428	4	46.249577789292644
1428	9	94.3485947418487
1428	10	16.025436690655354
1429	1	389.6319749828813
1429	2	258.3123830571734
1429	3	301.5064470967567
1429	4	516.1183418746881
1429	5	668.0224222943593
1429	6	284.6904899086021
1429	7	320.3553426472465
1429	8	516.0511382041166
1429	9	704.6413340653517
1429	10	359.4122648469657
1430	1	391.8523215458953
1430	2	300.9975180382469
1430	3	317.2608168244451
1430	4	586.7949402118277
1430	5	643.6085627516113
1430	6	321.05277033887154
1430	7	371.949917102285
1430	8	539.4980500521621
1430	9	760.5255367263024
1430	10	351.33467806139663
1431	1	342.0812114709076
1431	2	257.8702609916885
1431	3	268.20052381938325
1431	4	465.42356371593985
1431	5	591.5892948399821
1431	6	289.4854458157976
1431	7	326.72311152098285
1431	8	480.8083292239403
1431	9	693.1080216555793
1431	10	304.5428978300508
1432	1	283.9971529501471
1432	2	195.62724151225808
1432	3	211.2000245620191
1432	4	351.8275976003892
1432	5	520.1601821607411
1432	6	238.35142202345804
1432	7	274.7137716685765
1432	8	420.99987283344944
1432	9	544.6329512745519
1432	10	222.74737118741135
1433	1	318.3672129636631
1433	2	230.42854546746915
1433	3	248.14023500964203
1433	4	405.7525584626328
1433	5	557.2607225034633
1433	6	273.74676291594005
1433	7	311.82849592365494
1433	8	449.21786160827594
1433	9	655.6987090166672
1433	10	288.83469297824445
1434	1	31.950131768683885
1434	3	54.08207596027145
1434	4	32.65010697506281
1434	5	39.90302975824389
1434	6	14.638958895423858
1434	7	33.43164503097308
1434	8	37.387753507375784
1434	9	36.39748865431205
1434	10	21.902358289644337
1435	4	19.320000000008
1436	3	49.40322225937804
1436	4	26.849120477392113
1436	6	10.330859167764405
1436	7	27.061859295566332
1436	9	20.837092894707745
1436	10	21.48478260871
1437	1	513.4635072507238
1437	2	404.4084277752776
1437	3	392.47903156656577
1437	4	728.454173505781
1437	5	783.0265994691706
1437	6	384.6701605938767
1437	7	399.5945180253527
1437	8	600.2131983202574
1437	9	888.3679797771254
1437	10	573.6945601899948
1438	1	384.95364172595464
1438	2	310.6331128784719
1438	3	297.91640818295105
1438	4	498.76627189160297
1438	5	596.4205675551685
1438	6	320.7481189093329
1438	7	346.7690768551585
1438	8	505.4910253850688
1438	9	728.359994679353
1438	10	347.19905540832053
1439	1	311.53610053087766
1439	2	231.39904714843294
1439	3	229.0745341109342
1439	4	369.5233160547951
1439	5	521.5972904016987
1439	6	257.4270110579646
1439	7	285.95417883315383
1439	8	435.495411693511
1439	9	562.77673721481
1439	10	253.16792532181975
1440	1	320.00167180561283
1440	2	240.8868307036205
1440	3	251.3776950922837
1440	4	399.82194932250826
1440	5	555.2605128315245
1440	6	278.0673779146967
1440	7	315.83525779527923
1440	8	448.7455151650733
1440	9	662.1055082013638
1440	10	304.94293008195143
1441	1	79.18356793789519
1441	2	66.74044312791784
1441	3	116.98583957486636
1441	4	82.20305542152865
1441	5	228.25829962334194
1441	6	75.79487550991665
1441	7	108.25032108940177
1441	8	167.64632507127672
1441	9	197.09302483745282
1441	10	45.62602100550103
1442	6	51.582137254051254
1442	8	132.98830506337697
1442	9	95.39349088558221
1443	1	395.9422831631325
1443	2	277.9173924300015
1443	3	309.35486185228615
1443	4	510.7138890595333
1443	5	667.4821661761297
1443	6	294.4687103040055
1443	7	328.0275190060038
1443	8	516.8070172751436
1443	9	724.6713871267937
1443	10	391.30279338724745
1444	1	391.3254323648645
1444	2	312.9694532324821
1444	3	317.8219413452257
1444	4	566.9376095887203
1444	5	637.3008555537742
1444	6	322.68403451409876
1444	7	375.23535617305583
1444	8	535.2492807763152
1444	9	774.1675231203128
1444	10	371.01763149058286
1445	1	348.6598693467062
1445	2	279.52233204313416
1445	3	278.6331947163244
1445	4	457.58276622797007
1445	5	579.6597243557915
1445	6	301.14623874799133
1445	7	338.3739303068173
1445	8	480.7369370391401
1445	9	716.1592490279446
1445	10	331.5652332605573
1446	1	284.04134548165916
1446	2	208.98119163624398
1446	3	215.53650768453394
1446	4	335.2897602514671
1446	5	502.8989426218068
1446	6	243.9001165960674
1446	7	283.21796959766056
1446	8	415.2727480173104
1446	9	556.2248469622763
1446	10	242.6807312107295
1447	1	316.0480238676989
1447	2	241.76767426715895
1447	3	251.79461460948357
1447	4	385.76983031277683
1447	5	535.0930579161861
1447	6	278.6019552637725
1447	7	320.2240011804223
1447	8	441.7474615306284
1447	9	665.38362584382
1447	10	307.92765341498557
1448	2	68.37781532329932
1448	3	116.55688945199903
1448	4	84.03353220279386
1448	5	231.3930570361898
1448	6	76.06997352304276
1448	7	105.26424283465762
1448	8	168.4729005896358
1448	9	200.60434481627865
1448	10	45.75641794806044
1449	10	390.7364483036448
1450	1	385.23763918687615
1450	2	309.1113239425354
1450	3	316.11346949763157
1450	4	549.8566212410299
1450	5	616.324486997927
1450	6	321.4505946974494
1450	7	379.5832830716789
1450	8	526.546880190312
1450	9	771.8211145152118
1450	10	369.2397173311731
1451	1	342.2736993578729
1451	2	274.62543393654784
1451	3	276.4792379067502
1451	4	440.3634861997342
1451	5	559.7159680893453
1451	6	299.51118693867704
1451	7	342.6564228660117
1451	8	471.9896107538458
1451	9	712.1760573476425
1451	10	328.5717615203117
1452	1	277.4386808406531
1452	2	203.1383794657189
1452	3	212.98792609871833
1452	4	318.1741236167609
1452	5	484.4199317157453
1452	6	241.887918933345
1452	7	287.4090318533193
1452	8	406.63412258289287
1452	9	550.5605333716973
1452	10	238.47304985421965
1453	1	309.30084012140094
1453	2	235.0849874493859
1453	3	248.90782681447268
1453	4	368.98711761850456
1453	5	518.4583454505588
1453	6	276.24049403832794
1453	7	324.2954196782081
1453	8	433.36535973677877
1453	9	658.0242926196224
1453	10	302.51225648686324
1454	2	68.58651167662434
1454	3	114.96162207447014
1454	4	86.19545027929063
1454	5	229.7482959221167
1454	6	75.00670731576926
1454	7	104.11503447166899
1454	8	167.64090689104634
1454	9	202.94753448627873
1454	10	45.97146401051033
1455	1	38.48574491519318
1455	6	50.44843211403812
1455	9	100.86871459174269
1456	1	383.3789797369034
1456	2	266.70024461836437
1456	3	304.60277145834345
1456	4	479.41789806298215
1456	5	636.4595785901602
1456	6	290.44325636651956
1456	7	335.9391930142578
1456	8	501.47039545030907
1456	9	711.707032535684
1456	10	381.78949235779146
1457	1	378.40125487967214
1457	2	300.2976450400648
1457	3	312.4898669887212
1457	4	536.2925129389898
1457	5	609.5075382673405
1457	6	318.02422948775285
1457	7	382.8532451801341
1457	8	520.4352794679664
1457	9	758.2395174174183
1457	10	359.1653588982198
1458	1	335.4797023713299
1458	2	265.6035854701109
1458	3	272.82394854899957
1458	4	427.9466975135466
1458	5	555.5795183288968
1458	6	295.9113375633033
1458	7	345.6378438107441
1458	8	466.6731288083133
1458	9	697.363672191179
1458	10	317.40596869816954
1459	1	270.69314944363373
1459	2	194.03564499108631
1459	3	209.35612193147352
1459	4	306.9837175996477
1459	5	482.89585986995655
1459	6	238.15418390724778
1459	7	290.0654670290076
1459	8	402.1626077572629
1459	9	534.7207758680828
1459	10	226.25958239051198
1460	1	302.6029051398616
1460	2	226.02302478944443
1460	3	245.34957433887803
1460	4	359.0723393800204
1460	5	519.4035024538894
1460	6	272.41307051387173
1460	7	326.5910625267053
1460	8	429.7656702702205
1460	9	641.3942539049929
1460	10	289.3035405603548
1461	1	337.3387433305401
1461	2	254.57435194593333
1461	3	246.6273608030473
1461	4	391.1323736884801
1461	5	514.0840705442163
1461	6	254.87871618115042
1461	7	307.3451709858879
1461	8	473.01552949452247
1461	9	635.6057810492208
1461	10	275.01889633029384
1462	1	22.962999999999997
1462	2	24.700000000000003
1462	4	19.670353039876574
1462	5	23.853258408406603
1462	6	9.049743589734
1462	9	17.40384615383
1462	10	21.48478260871
1463	6	9.49932295876496
1464	1	27.767045093317392
1464	3	50.5393299845568
1464	4	32.147931385489315
1464	6	11.477826816563258
1464	7	28.199064145558594
1464	9	30.23515673384519
1464	10	21.48478260871
1465	1	398.5281651085052
1465	2	300.5939342753035
1465	3	309.4243500012063
1465	4	529.8242047491893
1465	5	695.9527596774839
1465	6	321.54072602376186
1465	7	347.94303142196856
1465	8	496.21693444683365
1465	9	770.9439581063972
1465	10	472.4401397658032
1466	1	261.7311322987746
1466	2	180.30241203185395
1466	3	203.9301728129634
1466	4	297.1990420016791
1466	5	492.4403753884309
1466	6	231.14493871604856
1466	7	288.51534556451617
1466	8	401.4658800672888
1466	9	521.5300200826825
1466	10	189.94605030842365
1467	1	289.96409740651586
1467	2	209.119023373351
1467	3	237.4889297374063
1467	4	346.24496107623
1467	5	529.0384982818
1467	6	263.32080791522844
1467	7	324.0330120703504
1467	8	427.98220882807334
1467	9	624.0702917295234
1467	10	248.75068545537076
1468	1	77.79827866572043
1468	2	59.67002747111414
1468	3	111.95397517854148
1468	4	82.92465790247867
1468	5	224.26904836007816
1468	6	71.65536368365504
1468	7	108.3827892711287
1468	8	166.70428845254577
1468	9	197.66006912699788
1468	10	45.234135300149646
1469	1	364.4478090558749
1469	2	243.01223443149277
1469	3	293.8976615343715
1469	4	461.24175309637553
1469	5	650.947535417572
1469	6	277.1536197195144
1469	7	331.6945242813194
1469	8	498.01135243695245
1469	9	684.8455724130658
1469	10	320.47404892066504
1470	1	353.1179719673274
1470	2	271.6328377291039
1470	3	298.893421107522
1470	4	521.1383800300874
1470	5	623.9915984937402
1470	6	306.2615660496245
1470	7	375.2039900335036
1470	8	515.434536896565
1470	9	745.0402445924923
1470	10	301.13392085895845
1471	1	315.2378249090693
1471	2	242.46581519356425
1471	3	261.7211396490067
1471	4	412.6705178660351
1471	5	569.4355335969883
1471	6	283.45528291267993
1471	7	339.48772548235667
1471	8	463.9616664774361
1471	9	676.5169623944762
1471	10	259.1435200106272
1472	1	256.5895691628406
1472	2	177.80802018241548
1472	3	202.88659399939615
1472	4	298.6670339798135
1472	5	495.54797774043374
1472	6	229.39950464703895
1472	7	284.71449368686206
1472	8	402.86605685586267
1472	9	521.9821623715616
1472	10	173.52124634141467
1473	1	285.31845067611556
1473	2	207.1685198696074
1473	3	236.5753399329032
1473	4	347.88732981258534
1473	5	530.3425991038525
1473	6	261.91366125147516
1473	7	319.8911769659003
1473	8	428.96033646150806
1473	9	627.428347008237
1473	10	233.1712045451346
1474	1	78.60257217131004
1474	2	59.41571931667349
1474	3	113.61350082538485
1474	4	81.19522800538496
1474	5	225.63943166246622
1474	6	72.17061532819457
1474	7	109.12509768872818
1474	8	170.30049280015677
1474	9	195.92310496081848
1474	10	44.71051153129696
1475	3	86.55322328317345
1475	6	49.19858033037141
1475	9	95.85916176395403
1475	10	14.43246262885327
1476	1	361.89952899847765
1476	2	242.42322772201496
1476	3	293.26913718134307
1476	4	462.96650264038806
1476	5	646.94410719391
1476	6	276.7907526859003
1476	7	326.8921822124784
1476	8	497.2491099694578
1476	9	696.8059851400074
1476	10	308.47160360811085
1477	1	351.47024878061904
1477	2	271.39733366897264
1477	3	298.3337146049138
1477	4	522.784663001411
1477	5	618.4857472987946
1477	6	306.24086305740826
1477	7	370.3190008571646
1477	8	514.0032834151527
1477	9	759.6291064086003
1477	10	290.6406302580782
1478	1	314.58179609151097
1478	2	242.53195239818368
1478	3	261.2229617583046
1478	4	414.2055721223214
1478	5	562.6667828599989
1478	6	283.76575890955417
1478	7	334.5941649942644
1478	8	461.855964059749
1478	9	693.5167125328226
1478	10	250.2942403955928
1479	1	257.0052071814898
1479	2	178.12477670953706
1479	3	202.44663776293942
1479	4	300.0691105272039
1479	5	487.8093280915199
1479	6	230.02543353846772
1479	7	279.8875496032216
1479	8	400.10522013451447
1479	9	541.1207665100969
1479	10	166.43176392940273
1480	1	286.87104544694506
1480	2	207.68676927305006
1480	3	236.19434986899648
1480	4	349.14443836852774
1480	5	521.9713270019015
1480	6	262.83474498333453
1480	7	315.20565385150115
1480	8	425.5884018366695
1480	9	648.3841680802173
1480	10	227.93519299485035
1481	1	80.63349757284169
1481	2	60.25938201588474
1481	3	115.69662019719152
1481	4	80.09672525101847
1481	5	230.01968781321543
1481	6	73.37975503742292
1481	7	107.03244649318131
1481	8	174.2509284691567
1481	9	199.20676866519284
1481	10	44.92602586984191
1482	1	39.02457668941375
1482	2	33.94899516420546
1482	4	44.50698910657429
1482	8	140.62790258492683
1482	9	99.9069928838708
1483	1	367.06085672825384
1483	2	243.2827422226902
1483	3	293.10717699455813
1483	4	463.7903130329928
1483	5	638.9773797654095
1483	6	278.434292410628
1483	7	323.0530849241531
1483	8	492.540642780718
1483	9	720.8868946219796
1483	10	309.09818480263186
1484	1	357.82310405983543
1484	2	272.2964405098741
1484	3	298.26921439377304
1484	4	523.4800923151478
1484	5	611.4540984047861
1484	6	308.05930202311646
1484	7	366.8864832131943
1484	8	509.08296846406785
1484	9	783.8844048195325
1484	10	293.2256708671401
1485	1	322.0774149471326
1485	2	243.44132566763338
1485	3	261.271759500015
1485	4	414.7837957827585
1485	5	556.9555920444955
1485	6	285.7217377886554
1485	7	331.618888506909
1485	8	456.86787822297936
1485	9	717.4898935705489
1485	10	254.78858365887075
1486	1	265.5677362617728
1486	2	179.02000827454077
1486	3	202.6255433311759
1486	4	300.5405845963553
1486	5	483.7768915403925
1486	6	232.07995741179354
1486	7	277.411459647674
1486	8	395.20464569044844
1486	9	564.3565104777263
1486	10	172.75492641246564
1487	1	296.39774607131676
1487	2	208.5483581059118
1487	3	236.52024111506807
1487	4	349.5173972504301
1487	5	519.9376628934382
1487	6	264.94794582891257
1487	7	313.2610292122825
1487	8	420.9378407783535
1487	9	670.4385389476994
1487	10	235.97592060832346
1488	1	82.56881556424611
1488	2	60.54833544995749
1488	3	117.11617117587045
1488	4	80.35648556480409
1488	5	235.7292829094037
1488	6	74.5121114200314
1488	7	104.86189672448043
1488	8	176.2996900520767
1488	9	206.6476164906075
1488	10	46.77960037316588
1489	4	44.929265276964934
1489	6	51.50454715811484
1489	7	76.57804840008207
1489	9	107.60248952228736
1489	10	13.92979087760527
1490	1	378.6141102936924
1490	2	243.97310545978567
1490	3	293.96196996154265
1490	4	463.8779110255952
1490	5	644.335443597404
1490	6	280.4879058054179
1490	7	322.79004379235334
1490	8	489.6226642406058
1490	9	736.9953830336678
1490	10	321.33907612361827
1491	1	369.6917601997655
1491	2	272.92052797868695
1491	3	299.3206872100838
1491	4	523.459413380306
1491	5	619.5301846444124
1491	6	310.0199427199497
1491	7	367.17590137074217
1491	8	507.05039856794906
1491	9	797.3429729849598
1491	10	306.46632917393026
1492	1	334.0539661599347
1492	2	244.0008024753183
1492	3	262.5236279919454
1492	4	414.6394336426956
1492	5	567.7597347988219
1492	6	287.55765067461317
1492	7	332.43821014767883
1492	8	455.85401517678497
1492	9	728.0504501744272
1492	10	268.7957490602889
1493	1	277.4344192336881
1493	2	179.5197326845649
1493	3	204.07666548050452
1493	4	300.2522204308338
1493	5	497.2463087657385
1493	6	233.7634404370616
1493	7	278.72756334988935
1493	8	395.3243761807262
1493	9	571.8317969466118
1493	10	187.28156559730155
1494	1	307.9313291693089
1494	2	208.99599848087223
1494	3	238.1641699929001
1494	4	349.0605020651453
1494	5	535.9379921616588
1494	6	266.4560398051148
1494	7	315.0309275214123
1494	8	422.28414003885086
1494	9	674.7063758292325
1494	10	250.76590004613234
1495	1	83.31305719494009
1495	2	60.879091386597054
1495	3	118.47615419449792
1495	4	82.44759441569654
1495	5	240.77345358740493
1495	6	75.80960977342068
1495	7	105.67166670592822
1495	8	176.68424912326623
1495	9	216.4959888918931
1495	10	51.39323959180611
1496	4	47.19005721331415
1496	9	116.59306576797016
1496	10	15.053552467496408
1497	1	388.09967157522306
1497	2	244.8958768421707
1497	3	298.3523611875062
1497	4	452.83718529875296
1497	5	666.4680993313781
1497	6	284.4304994276566
1497	7	327.27333996980246
1497	8	496.762829921398
1497	9	725.5250618941184
1497	10	351.70396146140945
1498	1	386.51739202131716
1498	2	283.81641941266804
1498	3	310.697818632291
1498	4	510.49528269477776
1498	5	643.0356466499185
1498	6	316.4010551513864
1498	7	376.4618234228154
1498	8	519.8695841061501
1498	9	779.3346618221437
1498	10	336.01962649587176
1499	1	335.0442580635438
1499	2	238.28339005398965
1499	3	260.51654843530395
1499	4	395.4434063689617
1499	5	592.2324542485261
1499	6	283.24934091647526
1499	7	330.74283629135243
1499	8	460.84622763006774
1499	9	707.5707958758309
1499	10	287.5690283086178
1500	1	278.86970688070573
1500	2	177.0134710272748
1500	3	205.10454389598712
1500	4	285.1974338420061
1500	5	522.254804325819
1500	6	232.80406420627645
1500	7	280.97093391313524
1500	8	403.25731772844813
1500	9	542.9107357003116
1500	10	205.65475239205114
1501	1	311.0871552901823
1501	2	209.9636430747526
1501	3	241.53837079370493
1501	4	334.6747067174723
1501	5	561.0366706357484
1501	6	266.84714319674106
1501	7	317.0550800941811
1501	8	433.17345975752926
1501	9	651.7717308029817
1501	10	271.63899681023327
1502	1	81.52194817211927
1502	2	58.86903225474505
1502	3	118.4709318965401
1502	4	82.76867982731208
1502	5	243.73419861188222
1502	6	75.33447801592422
1502	7	108.02212096102085
1502	8	175.1820348848288
1502	9	218.15841233456658
1502	10	53.51831651697397
1503	2	32.585082287232325
1503	4	47.36456490881633
1503	6	52.34806469711173
1503	9	117.36030494660478
1504	1	386.42468836106525
1504	2	245.63611443114246
1504	3	300.4456857170057
1504	4	449.3089720114315
1504	5	689.2051754390611
1504	6	284.2240341096875
1504	7	329.9074565906851
1504	8	509.3721695585957
1504	9	705.1286827176893
1504	10	356.6489784843406
1505	1	383.08299073540843
1505	2	284.68941972369805
1505	3	312.615362527057
1505	4	506.6154158429491
1505	5	664.181229488906
1505	6	316.1540978304137
1505	7	378.7908110668447
1505	8	532.9056908705783
1505	9	758.3012232139929
1505	10	339.2225772302363
1506	1	329.906313916621
1506	2	239.30954276023792
1506	3	262.2171760024568
1506	4	391.2347682149514
1506	5	611.4482232994251
1506	6	283.0026985823261
1506	7	332.7110731462381
1506	8	474.1010815454693
1506	9	686.327500913097
1506	10	289.0253200786753
1507	1	272.11979755616414
1507	2	178.21291321570064
1507	3	206.5506072292451
1507	4	280.69200189213916
1507	5	539.2548117025196
1507	6	232.60004271849033
1507	7	282.53102520469315
1507	8	416.51524979217913
1507	9	521.8761273525504
1507	10	205.39804971382148
1508	1	302.8506245411993
1508	2	211.3559848021915
1508	3	242.69684014351793
1508	4	329.91310580744556
1508	5	575.5946974186418
1508	6	266.7284381207122
1508	7	318.1687775760321
1508	8	446.21615928451786
1508	9	631.3455193209503
1508	10	269.74048886573746
1509	1	78.3781598591165
1509	3	118.52226015422201
1509	4	82.06189409843499
1509	5	244.41604632717565
1509	6	74.64339450487186
1509	7	109.63132194885661
1509	8	175.1504536534136
1509	9	214.1666300628395
1509	10	53.45078583650415
1510	3	90.51642897181868
1510	4	46.540533061044485
1510	6	51.70254952897061
1510	9	112.79481143380652
1510	10	14.550880716245407
1511	1	374.77152185414934
1511	2	247.71444991695424
1511	3	300.6041146079388
1511	4	444.0958494943285
1511	5	695.7502102057172
1511	6	284.6042229589142
1511	7	329.55340909995044
1511	8	520.5099392320526
1511	9	688.5992283057072
1511	10	350.5988538797911
1512	1	370.71520088571936
1512	2	287.0266979120466
1512	3	312.4188885719547
1512	4	501.37555961419497
1512	5	668.0604602813929
1512	6	316.77156710304996
1512	7	377.93993892901597
1512	8	543.0307561679388
1512	9	743.6131663529757
1512	10	332.14706083562135
1513	1	317.0619975354799
1513	2	241.91699234294617
1513	3	261.66843558955514
1513	4	386.03523134943225
1513	5	612.7797838033724
1513	6	283.88534701151536
1513	7	331.37728208575953
1513	8	483.05729597120927
1513	9	673.6629271701704
1513	10	281.14399006548217
1514	1	259.04441414701625
1514	2	181.09864760611097
1514	3	205.66064480040436
1514	4	275.6003126591206
1514	5	538.2211320834035
1514	6	233.7698612274121
1514	7	280.7384278772698
1514	8	424.17227207387054
1514	9	511.35766115989196
1514	10	196.94751317970008
1515	1	289.7912224824625
1515	2	214.52446579456085
1515	3	241.4850395740666
1515	4	324.995439719874
1515	5	572.4366276072617
1515	6	268.20079418637647
1515	7	315.95114758604774
1515	8	452.4728012511222
1515	9	623.0346180310509
1515	10	260.96899072171556
1516	2	60.30999422037738
1516	3	118.6191578586702
1516	4	80.89963432287409
1516	5	243.9558592851927
1516	6	74.62271704179167
1516	7	108.8872048974537
1516	8	177.96877625280723
1516	9	208.14423372329432
1516	10	51.68831652345527
1517	1	34.55817932913563
1517	2	33.0465962606981
1517	3	90.59190272290869
1517	4	45.38876748768237
1517	9	106.87050601934828
1517	10	14.299544840621408
1518	1	363.1725723751548
1518	2	251.71360009980452
1518	3	298.62078581937703
1518	4	440.0574823334978
1518	5	688.1287009054868
1518	6	287.0029861681769
1518	7	326.3482729738479
1518	8	522.2854736884085
1518	9	686.677883440329
1518	10	342.3846563680419
1519	1	360.02381071294377
1519	2	291.2797494108584
1519	3	310.26555343696134
1519	4	497.7282955757158
1519	5	659.6946043351288
1519	6	319.45986552994157
1519	7	374.52498269751743
1519	8	543.3347625326282
1519	9	743.558046812544
1519	10	324.60669029153655
1520	1	307.4515940261298
1520	2	246.40293701451864
1520	3	259.39757356143963
1520	4	382.8143863771744
1520	5	604.0680506782276
1520	6	286.8409570737422
1520	7	327.8211502951009
1520	8	481.9589419379766
1520	9	675.2619015155194
1520	10	274.4981424138256
1521	1	250.66038255350065
1521	2	185.79039623802737
1521	3	203.32832230440314
1521	4	272.8316839826551
1521	5	529.5612590389021
1521	6	236.96354054354816
1521	7	277.11334378616505
1521	8	421.7740098375717
1521	9	514.3607428424806
1521	10	191.39512358178632
1522	1	282.748021459423
1522	2	219.38876812045717
1522	3	239.1495756105033
1522	4	322.6948869440221
1522	5	564.2145422868791
1522	6	271.596914779784
1522	7	312.331666362819
1522	8	448.9081798199575
1522	9	627.162324241021
1522	10	256.68271471122074
1523	1	74.5752342299416
1523	2	62.31906570668717
1523	3	118.4357469852913
1523	4	80.15954078024254
1523	5	244.09308532538998
1523	6	75.6451098851494
1523	7	107.00527595983681
1523	8	182.97511244335254
1523	9	204.43360433147063
1523	10	50.07025815850085
1524	1	33.85832209762301
1524	3	90.35676590846595
1524	6	52.97821638804701
1524	7	78.65183486349876
1524	9	106.21554746285507
1524	10	14.048208964998008
1525	1	360.5039877841239
1525	2	256.8363667116354
1525	3	296.62702678460255
1525	4	439.1579945984272
1525	5	683.2638170860805
1525	6	290.7419559488354
1525	7	323.1977406079155
1525	8	516.285727336216
1525	9	692.3465770947994
1525	10	342.6155459877048
1526	1	360.3154288492177
1526	2	301.7819423428682
1526	3	311.0324146232857
1526	4	480.66415158372274
1526	5	656.4950762518979
1526	6	327.1183196335432
1526	7	372.8956498264942
1526	8	539.4291802564564
1526	9	731.5161853031074
1526	10	331.044480168728
1527	1	309.9047437046267
1527	2	257.0870160259367
1527	3	261.44876293950415
1527	4	388.6124336364603
1527	5	602.721830758521
1527	6	295.9215437521275
1527	7	326.69898117304143
1527	8	478.60946056679165
1527	9	668.4818670161166
1527	10	283.77045134547325
1528	1	256.03988830814546
1528	2	199.26424585654703
1528	3	208.06705320593701
1528	4	280.26673506006216
1528	5	530.1977941633666
1528	6	248.1642719033834
1528	7	277.8784684578852
1528	8	419.61187193441697
1528	9	521.1762369724206
1528	10	206.82977543003778
1529	1	289.9226114091392
1529	2	231.88134541879458
1529	3	243.4988241931619
1529	4	331.63646270998964
1529	5	566.9022324510141
1529	6	282.3663814706724
1529	7	313.9061067154694
1529	8	446.0986048421736
1529	9	631.8325272261926
1529	10	270.269060425242
1530	1	74.61691985905466
1530	2	64.39153873367688
1530	3	120.09104123841416
1530	4	78.42753943723427
1530	5	245.92631981699583
1530	6	79.86221919711514
1530	7	107.72466077158535
1530	8	189.7928364481388
1530	9	202.6724160014539
1530	10	49.932210570689364
1531	4	41.6802969747859
1531	6	55.72855455321089
1531	7	78.34893311546053
1532	1	372.1619028429995
1532	2	272.3297199814813
1532	3	304.4880539559396
1532	4	452.725675612518
1532	5	691.9041254566391
1532	6	302.4211932787705
1532	7	327.967331190895
1532	8	517.4945620210744
1532	9	691.96827908422
1532	10	361.4458956574531
1533	1	366.42726656350237
1533	2	304.9805981096896
1533	3	311.78634226865813
1533	4	482.27934635352256
1533	5	666.8607285350204
1533	6	329.6154142164931
1533	7	373.77985616438923
1533	8	536.7025540031133
1533	9	730.3601531617874
1533	10	342.21395525590975
1534	1	316.42523103588974
1534	2	259.76483754100457
1534	3	262.60034364444437
1534	4	390.38189567072135
1534	5	614.5989296792332
1534	6	298.0942953673416
1534	7	328.26903295406885
1534	8	477.1842857584648
1534	9	666.0387263904084
1534	10	295.5972717544159
1535	1	262.78913381206667
1535	2	201.37102994098717
1535	3	209.59850073949792
1535	4	282.1661401133107
1535	5	543.3315532497522
1535	6	249.99642119066056
1535	7	280.1495474057456
1535	8	419.6128825044434
1535	9	517.5196557241418
1535	10	219.07921699434957
1536	1	296.7259282615796
1536	2	233.37454095291793
1536	3	245.38385489784855
1536	4	333.64847802129054
1536	5	581.0050438698158
1536	6	283.8499770588291
1536	7	316.88507537616374
1536	8	447.61797584896374
1536	9	627.086694979843
1536	10	282.69640421312903
1537	1	76.44320207604714
1537	2	61.714671212011595
1537	3	120.11078239981407
1537	4	79.63849287797449
1537	5	249.11587044626816
1537	6	81.20334576616153
1537	7	108.7810301920102
1537	8	193.20852590927532
1537	9	206.30349177179315
1537	10	51.071094645880365
1538	4	43.02411139604786
1538	6	56.97946057409525
1538	7	79.56707978515375
1538	9	105.70561697556097
1539	1	378.19577524599435
1539	2	271.8229052405566
1539	3	307.2031411070769
1539	4	455.04923817990334
1539	5	706.99551549542
1539	6	302.89622064276716
1539	7	333.02730364241825
1539	8	523.7684353563786
1539	9	685.1374499392244
1539	10	372.92264662069385
1540	1	371.95094377247653
1540	2	303.79148099941057
1540	3	314.68219522165475
1540	4	484.7238530904724
1540	5	681.6250642847706
1540	6	329.79383058052156
1540	7	379.49159809932485
1540	8	544.5064329038094
1540	9	723.3428736185505
1540	10	352.90166637473624
1541	1	321.3471357405168
1541	2	257.90633139146337
1541	3	265.62267253621087
1541	4	392.967437004505
1541	5	628.722787578183
1541	6	298.0081783323927
1541	7	334.59811169942805
1541	8	486.4314252078551
1541	9	659.1270103621645
1541	10	305.2844939549964
1542	1	267.04150255060404
1542	2	198.86917693367587
1542	3	212.69134988938427
1542	4	284.91811618496104
1542	5	556.5235636968231
1542	6	249.68399118830183
1542	7	287.0537754969977
1542	8	430.18351854789296
1542	9	511.014993941197
1542	10	227.57659130718667
1543	1	300.26552914820957
1543	2	230.26858687468552
1543	3	248.49110485237225
1543	4	336.5960555346825
1543	5	593.0035801944159
1543	6	283.35452364724387
1543	7	324.3148129098058
1543	8	459.36216504926915
1543	9	621.2907492820314
1543	10	289.84086921686605
1544	1	77.69654304367376
1544	2	59.741908724355795
1544	3	121.14746502635245
1544	4	81.61418277708792
1544	5	252.23472942427287
1544	6	81.82257907663427
1544	7	110.10815334474934
1544	8	194.09843897556527
1544	9	211.04166403068282
1544	10	52.594087379661644
1545	1	379.5781114248863
1545	2	267.2670064162463
1545	3	310.037619233844
1545	4	458.76799437473346
1545	5	714.2334626132297
1545	6	302.1432458641796
1545	7	341.66695838549697
1545	8	537.888812752349
1545	9	683.1415473662164
1545	10	375.3431209401816
1546	1	372.68151631913787
1546	2	298.9115198519066
1546	3	317.3343891337569
1546	4	488.7537684468913
1546	5	687.0342520205886
1546	6	329.0559202097515
1546	7	388.3917840563664
1546	8	558.9786856167415
1546	9	723.0834975712932
1546	10	353.6418889339144
1547	1	321.4910436170304
1547	2	252.798236007988
1547	3	268.0570351621343
1547	4	397.32649515893047
1547	5	632.2638538460137
1547	6	297.3340948177087
1547	7	343.6785712887024
1547	8	501.0189983655805
1547	9	660.7764304181668
1547	10	304.35300427314843
1548	1	266.67843647039115
1548	2	193.63633873940296
1548	3	214.87998868442193
1548	4	289.6157881690757
1548	5	558.2065235589364
1548	6	249.11940179319788
1548	7	296.2299353646773
1548	8	444.6482254687104
1548	9	514.6990423102857
1548	10	225.019038457828
1549	1	299.4864282158966
1549	2	225.01999558217574
1549	3	250.41456973687218
1549	4	341.6315243259321
1549	5	592.8861040820856
1549	6	282.94072238304335
1549	7	333.49856900139616
1549	8	473.4697795855317
1549	9	627.0848138708502
1549	10	285.7391313987222
1550	1	77.79920093586217
1550	2	61.0625804699915
1550	3	122.80481632645031
1550	4	83.65064265803191
1550	5	253.94838266100453
1550	6	81.86599461074812
1550	7	110.07333131275908
1550	8	192.9025051390681
1550	9	215.20221814400145
1550	10	54.15849819639995
1551	1	35.28886410225182
1551	2	33.55331276128872
1551	4	47.02204654215373
1551	6	57.48802549441689
1552	1	378.15557873760815
1552	2	262.6496622052766
1552	3	311.1404883723089
1552	4	464.6894656303292
1552	5	709.484576197926
1552	6	302.3696358940084
1552	7	350.32318093626134
1552	8	549.6400583699046
1552	9	695.1861542767731
1552	10	367.4339323184049
1553	1	371.2479777590322
1553	2	294.7277732331944
1553	3	318.1866711349368
1553	4	494.8837473239673
1553	5	681.1143830648653
1553	6	329.5342239330474
1553	7	396.6866423077745
1553	8	569.5808261036724
1553	9	737.0101069158995
1553	10	344.8357927418542
1554	1	320.1408881046845
1554	2	249.15248687634937
1554	3	268.6853997958072
1554	4	403.5993710716035
1554	5	625.4020621138892
1554	6	298.07023037551033
1554	7	351.52113888213125
1554	8	510.33320975381093
1554	9	676.4035709939541
1554	10	294.8757223166883
1555	1	265.49731349659095
1555	2	190.625340943328
1555	3	215.31946423759962
1555	4	295.95376891145787
1555	5	550.647058319089
1555	6	250.11101326089914
1555	7	303.53226901089175
1555	8	452.5665868558516
1555	9	531.8040797087249
1555	10	215.11370010555152
1556	1	296.060563596385
1556	2	223.686050272526
1556	3	251.48102961679012
1556	4	358.38320033457603
1556	5	584.8811456495183
1556	6	286.08030213968084
1556	7	341.3671600250057
1556	8	482.5559306333775
1556	9	663.7677936279078
1556	10	278.8869054289379
1557	4	76.69025681643303
1557	6	87.99021646949134
1557	9	140.73962327972671
1557	10	35.03904124564296
1558	1	383.29854266343693
1558	2	272.20222051999616
1558	3	318.6535868878691
1558	4	478.6135082172649
1558	5	701.6298741732339
1558	6	311.0971050115247
1558	7	360.0465298431917
1558	8	558.6116027008634
1558	9	736.1755559622449
1558	10	365.8296470343731
1559	1	389.8877445789997
1559	2	315.8758548698106
1559	3	338.6158923947138
1559	4	541.5699747368914
1559	5	673.7644204659255
1559	6	351.2347403083866
1559	7	416.5921379739647
1559	8	585.4648842966249
1559	9	805.067963304131
1559	10	355.5654746173203
1560	1	334.284586474162
1560	2	269.69666122989867
1560	3	283.9469051291012
1560	4	426.45838500924077
1560	5	618.7500463024951
1560	6	313.6353388429488
1560	7	366.420237027811
1560	8	521.0532078958452
1560	9	728.8654641958165
1560	10	301.6514760028207
1561	1	270.9307796558587
1561	2	200.99695128388475
1561	3	221.77581570889276
1561	4	308.691290104123
1561	5	544.8594037836829
1561	6	257.3571028465172
1561	7	310.2870185600186
1561	8	456.50325445834085
1561	9	572.7352148861718
1561	10	213.28679240976805
1562	1	297.7718435999403
1562	2	227.74426595472897
1562	3	252.33100145602953
1562	4	361.7131772889247
1562	5	580.0947112402607
1562	6	288.20394682457027
1562	7	341.9894171162667
1562	8	479.5446730023797
1562	9	682.3551899199499
1562	10	274.8009101300561
1563	1	82.60441403765509
1563	2	75.57938929418768
1563	3	129.3631949694507
1563	4	87.33498578896062
1563	5	253.23245325948042
1563	6	87.90213298913415
1563	7	112.80085814831114
1563	8	193.4077501861468
1563	9	222.83849868141704
1563	10	61.350462196745895
1564	1	69.6080483944084
1564	8	175.62360149425993
1564	10	36.635552516646875
1565	1	385.97008044411973
1565	2	278.80229525501613
1565	3	320.6115451103654
1565	4	479.49068807403665
1565	5	700.3547413190923
1565	6	312.9975957113809
1565	7	357.8021451355055
1565	8	553.6637798440388
1565	9	751.2423246262915
1565	10	367.4250223931783
1566	1	392.8020221377822
1566	2	323.1867140643968
1566	3	341.0303782897956
1566	4	541.5969393824273
1566	5	673.726157377309
1566	6	352.9900575844093
1566	7	413.4612691716001
1566	8	580.3045977927262
1566	9	818.7620501991086
1566	10	359.28603114066595
1567	1	337.4028758336549
1567	2	277.6297772199877
1567	3	286.84862572970707
1567	4	425.6620164910791
1567	5	619.9349156850369
1567	6	315.2192644028718
1567	7	362.4634861198001
1567	8	515.9083793114321
1567	9	741.1792317945624
1567	10	307.557589407132
1568	1	274.2182350031852
1568	2	209.45439702403223
1568	3	225.1863499101338
1568	4	307.1269145164374
1568	5	547.2300033833403
1568	6	258.7505972272088
1568	7	305.58024783389817
1568	8	451.6007994946534
1568	9	583.7185035319874
1568	10	221.4036473135913
1569	1	301.1998377798974
1569	2	236.6208502438073
1569	3	256.262129804613
1569	4	359.4651936595102
1569	5	583.5939454015167
1569	6	289.3959798003874
1569	7	336.62305470944835
1569	8	475.10531608107885
1569	9	692.1143968205879
1569	10	285.11796154461433
1570	1	83.66778289594737
1570	2	74.65064730254618
1570	3	126.75433998232799
1570	4	85.27786700736095
1570	5	252.94893669505757
1570	6	87.43831751679667
1570	7	112.15259459651546
1570	8	192.89382061010306
1570	9	220.36182353458338
1570	10	61.66396210531772
1571	1	70.78591062617468
1571	2	76.15386822770596
1571	5	219.6035316084765
1571	6	87.16771714966058
1571	7	103.72503737398749
1571	9	137.50998924684103
1571	10	36.64243988354413
1572	1	389.7375225098866
1572	2	288.2670027450306
1572	3	326.0713878198982
1572	4	475.9802691082531
1572	5	706.7683071334088
1572	6	313.6062965418622
1572	7	351.12796405833194
1572	8	551.8032206411847
1572	9	758.4824758598819
1572	10	383.92564275058794
1573	1	396.6909202307601
1573	2	332.6234197845357
1573	3	346.9537311608135
1573	4	538.0132702242543
1573	5	680.9346121001308
1573	6	353.4408437726289
1573	7	406.60959821861684
1573	8	579.6335251782516
1573	9	825.6900489648159
1573	10	377.5957744586118
1574	1	341.43621982680247
1574	2	286.9317270340176
1574	3	293.1954367088552
1574	4	422.2135112214094
1574	5	627.851708734113
1574	6	315.5443618931165
1574	7	355.575900820572
1574	8	516.5493686022337
1574	9	748.1110862742073
1574	10	327.49801877998175
1575	1	278.42966093518476
1575	2	218.52119077452897
1575	3	231.90706687861552
1575	4	304.03635468596633
1575	5	555.7757072329375
1575	6	258.98953211079504
1575	7	298.8021496368921
1575	8	453.64685287097484
1575	9	590.9874819638815
1575	10	242.76827518026232
1576	1	305.632349714464
1576	2	245.36030307444932
1576	3	263.2984281169867
1576	4	356.9644224196704
1576	5	592.6995043357915
1576	6	289.59448644152326
1576	7	330.100980102758
1576	8	478.6180614625699
1576	9	700.0604459311755
1576	10	307.6750430223258
1577	1	85.15157749898928
1577	2	71.72502623152238
1577	3	124.47816795397216
1577	4	83.83807669598582
1577	5	254.0253679684666
1577	6	87.10777844894332
1577	7	112.41365691353107
1577	8	194.36374607512596
1577	9	217.5140485059165
1577	10	59.65858951258885
1578	1	395.15430573588185
1578	2	295.5757988957015
1578	3	333.6308309680787
1578	4	476.63960650936025
1578	5	717.2750746399797
1578	6	313.998950651444
1578	7	346.22136477450636
1578	8	559.7606731307612
1578	9	770.3998704986195
1578	10	408.4653326535305
1579	1	369.1880630937688
1579	2	308.9521363237603
1579	3	330.29158850799024
1579	4	510.5892526704697
1579	5	691.8655551172627
1579	6	326.46902816200316
1579	7	379.31996099869406
1579	8	569.7925086413927
1579	9	824.2270134842548
1579	10	385.7808264616765
1580	1	325.4065873068946
1580	2	276.892469431167
1580	3	285.40472771357213
1580	4	404.1827507312949
1580	5	639.2093797984453
1580	6	297.7451735634306
1580	7	336.55591890853606
1580	8	514.0518400987548
1580	9	756.0275186352137
1580	10	354.1663269077553
1581	1	249.71317587655918
1581	2	204.56758352926454
1581	3	212.98599486487916
1581	4	277.2594398115162
1581	5	567.5746048329358
1581	6	238.21235398957907
1581	7	271.74503309807073
1581	8	444.79395914696784
1581	9	592.1154687723947
1581	10	259.2198687393919
1582	1	328.2836770937787
1582	2	267.231007693908
1582	3	281.8493174621774
1582	4	360.8590570150436
1582	5	604.9633007646516
1582	6	298.9541187023589
1582	7	337.4878284340849
1582	8	498.72887069226493
1582	9	726.9004162564372
1582	10	356.0264148542213
1583	1	388.2067965918306
1583	2	326.02060093784456
1583	3	307.87873958135987
1583	4	412.0051414985704
1583	5	600.417230060213
1583	6	301.119888000037
1583	7	334.0288615142959
1583	8	556.4498015131617
1583	9	742.9902549941179
1583	10	365.69097652907567
1584	2	26.324595502592977
1584	6	12.538287759942481
1584	7	27.99817458073826
1584	9	25.497602405715536
1584	10	21.48478260871
1585	2	28.286464773399402
1585	8	44.0997703788236
1585	9	31.267715062985797
1586	2	27.968926514720252
1586	3	60.193383897612065
1586	4	33.4790750212907
1586	6	11.511335181352717
1586	7	27.7253981207697
1586	8	41.52075162201353
1587	1	29.658132571847627
1587	2	27.23798076626965
1587	4	33.256182297473714
1587	6	12.036850618595174
1587	8	42.73689668971765
1587	9	25.693428692703105
1587	10	21.48478260871
1588	1	33.223790683289195
1588	2	31.977996736773406
1588	3	61.97402278166663
1588	4	36.67771997178728
1588	6	15.69059870674938
1588	7	34.56922259431552
1588	8	44.50163855746586
1588	9	39.34483573418209
1588	10	23.42127336952083
1589	1	22.962999999999997
1589	3	50.59495832996984
1589	4	18.384192588499253
1589	6	9.049743589734
1589	7	24.752000000012
1589	8	33.432492360816
1589	9	17.40384615383
1589	10	21.48478260871
1590	1	735.0029048293295
1590	2	594.8835296080503
1590	3	638.7067561652837
1590	4	862.7999122847385
1590	5	1186.1570679998804
1590	6	514.5469164209651
1590	7	419.56256331491534
1590	8	933.6711329472128
1590	9	1172.28359259579
1590	10	1011.295573249734
1591	1	523.541858909025
1591	2	467.0837775464525
1591	3	499.43793569585756
1591	4	695.9679528277001
1591	5	826.405560272973
1591	6	421.07855254669096
1591	7	459.0148994139684
1591	8	720.3283903513305
1591	9	1057.8872270795543
1591	10	536.6058807760675
1592	1	427.83020334981853
1592	2	352.1880056188209
1592	3	352.03963375412343
1592	4	510.56062184574296
1592	5	671.8804644495717
1592	6	350.15708218838256
1592	7	383.49096839383344
1592	8	584.0522920320269
1592	9	921.421733835357
1592	10	401.198660424979
1593	1	310.67895279224837
1593	2	224.3440612657167
1593	3	240.92451659228504
1593	4	364.10407799914356
1593	5	600.7014043166664
1593	6	267.4580998422797
1593	7	311.94228309610486
1593	8	487.9621383150091
1593	9	728.6336574012051
1593	10	273.9063671239541
1594	1	342.78988392955466
1594	2	257.1760130907188
1594	3	275.90215575372383
1594	4	417.6711284774684
1594	5	638.3202305024906
1594	6	302.21184914671824
1594	7	348.3071923010888
1594	8	517.0936233243688
1594	9	862.302947711413
1594	10	334.83447706425284
1595	1	76.43830802233117
1595	2	60.14523955801951
1595	3	119.55159494659333
1595	4	85.73352354256279
1595	5	262.7364685795137
1595	6	78.74155951319041
1595	7	108.09876787572941
1595	8	200.29132899711658
1595	9	226.48236984348836
1595	10	47.617116253601495
1596	1	38.733648628771995
1596	4	53.28736246168859
1596	5	229.71451601454154
1596	6	58.60095258253166
1596	7	82.3227482938013
1596	9	128.97493067790256
1596	10	16.416352152465297
1597	1	420.7949229709652
1597	2	293.7194098578924
1597	3	331.02660251563964
1597	4	538.6561265779007
1597	5	763.4129679484246
1597	6	320.1150590862489
1597	7	362.094446653881
1597	8	587.5348486665058
1597	9	924.7455159629732
1597	10	408.537132077684
1598	1	418.2978190720357
1598	2	340.5009977700763
1598	3	349.64150382762836
1598	4	614.4711126591216
1598	5	737.533022197142
1598	6	360.09962056791477
1598	7	418.2166772715177
1598	8	614.2617406960347
1598	9	983.4072555555158
1598	10	394.1104668357125
1599	1	369.278578842562
1599	2	288.37413101345317
1599	3	292.80038998317536
1599	4	485.33208107938026
1599	5	684.0296758036741
1599	6	322.00152969738144
1599	7	367.71029825421596
1599	8	549.9438741426768
1599	9	907.8189361336811
1599	10	335.91374716805194
1600	1	309.0330999119242
1600	2	222.32587697753254
1600	3	232.95366305024186
1600	4	370.6360945665375
1600	5	611.1440825220429
1600	6	269.24941219299694
1600	7	315.92127701773506
1600	8	488.355258988529
1600	9	728.7595407638668
1600	10	246.5534846745682
1601	1	339.1340851875047
1601	2	254.9371209704516
1601	3	267.3582701531146
1601	4	420.81928321053897
1601	5	646.8578903701055
1601	6	303.2474244887868
1601	7	350.9508774941077
1601	8	516.42512823628
1601	9	857.3342962444763
1601	10	305.81177996845224
1602	1	74.47930554897343
1602	2	59.353418554707915
1602	3	121.21891144291519
1602	4	84.6293953203612
1602	5	265.19697657343585
1602	6	78.67419446208682
1602	7	109.00701887735426
1602	8	203.82131864027903
1602	9	230.8730817756764
1602	10	49.82739094228566
1603	1	36.78634513442738
1603	2	36.20232167115365
1603	3	97.23734401343172
1603	4	51.847804462821315
1603	6	58.39951600443605
1603	7	82.97530619048312
1603	8	172.08573713423561
1603	9	132.96284362408426
1603	10	16.667688028089295
1604	1	411.20477735320515
1604	2	290.6653532627205
1604	3	321.28405451484946
1604	4	531.2166260516557
1604	5	765.3615668338989
1604	6	318.6771606798515
1604	7	360.344125189568
1604	8	584.3837860927521
1604	9	904.7950121153281
1604	10	376.54954593059995
1605	1	406.91232875470104
1605	2	337.12683620588894
1605	3	339.68978123274593
1605	4	603.5985781156776
1605	5	737.1305532800238
1605	6	357.8233764524237
1605	7	414.9739755806444
1605	8	610.5464907109655
1605	9	958.8701425449435
1605	10	361.8696155363381
1606	1	356.26483495314415
1606	2	284.66105172168835
1606	3	282.74056096593716
1606	4	471.19729005242596
1606	5	681.2793625343434
1606	6	318.9090468162062
1606	7	363.01450133611496
1606	8	545.8025217125197
1606	9	879.0436352143352
1606	10	303.80107964399804
1607	1	294.60113787648845
1607	2	218.2605995632718
1607	3	222.88865150907588
1607	4	353.4807994473516
1607	5	606.102340795341
1607	6	265.38026596159983
1607	7	309.8434165019325
1607	8	483.92488717907617
1607	9	696.1717943592624
1607	10	214.95046527027824
1608	1	323.5334673205959
1608	2	250.51324025975288
1608	3	257.3916703648015
1608	4	400.95192496900233
1608	5	639.6355641705892
1608	6	298.6580683737622
1608	7	343.59258947843927
1608	8	511.83877549777304
1608	9	821.428198847578
1608	10	275.09403749303897
1609	1	72.9350713104275
1609	2	56.43898753365176
1609	3	121.0289435009586
1609	4	82.06962711829007
1609	5	267.6323687207571
1609	6	77.91227053669435
1609	7	107.93415627184555
1609	8	205.51182875320353
1609	9	231.81961096548108
1609	10	51.921758330984275
1610	1	35.356720402981374
1610	4	49.30375831357448
1610	6	57.611325538197974
1610	7	81.64108220204871
1610	9	133.37924784136186
1610	10	16.919023903719296
1611	1	393.914774289142
1611	2	285.211476203234
1611	3	312.22243708616975
1611	4	505.6309128319841
1611	5	752.7917740443546
1611	6	312.41674366248486
1611	7	350.0279244297182
1611	8	580.0469215314793
1611	9	862.4161692972234
1611	10	350.5941973511493
1612	1	389.7384808955397
1612	2	331.37622404675733
1612	3	331.12281900344414
1612	4	577.0580737075069
1612	5	723.3362718368719
1612	6	351.2106498158655
1612	7	404.04186881638776
1612	8	606.4938300994619
1612	9	915.6040982923939
1612	10	338.12583124373214
1613	1	328.0600669260167
1613	2	265.5110385154706
1613	3	265.20346242328503
1613	4	432.7562227997869
1613	5	666.6057177232747
1613	6	303.2319578710494
1613	7	344.4014304821689
1613	8	536.5170498373417
1613	9	745.3670294789683
1613	10	272.0637233113333
1614	1	266.9881039084587
1614	2	199.25472412929759
1614	3	206.66652907227657
1614	4	314.8178751500884
1614	5	590.9227786565509
1614	6	250.0147918519359
1614	7	290.55843613509387
1614	8	474.79731023925444
1614	9	589.4701391522868
1614	10	186.25957204397156
1615	1	300.36437056870125
1615	2	232.99396024894108
1615	3	243.25078783104777
1615	4	365.8111869430135
1615	5	624.3425549949891
1615	6	284.126225706632
1615	7	325.61307264282374
1615	8	502.8258604897876
1615	9	694.4923759120383
1615	10	252.19085236626552
1616	1	73.47021299502039
1616	2	54.04412291617437
1616	3	122.04715516929238
1616	4	81.29672615985706
1616	5	270.99632998995946
1616	6	78.80805743432646
1616	7	107.69338623129791
1616	8	206.74855519586345
1616	9	224.67259194475895
1616	10	54.184594941419064
1617	1	31.02945515958951
1617	4	44.5342002801746
1617	5	238.17939835093748
1617	7	77.99571616039869
1617	9	121.92935286597115
1617	10	14.938796783438654
1618	1	378.3211335631723
1618	2	269.56826749667187
1618	3	301.8276005411532
1618	4	477.3265909117925
1618	5	739.546415595581
1618	6	299.88340188888117
1618	7	333.81463239716345
1618	8	574.3730225382162
1618	9	743.6391570919646
1618	10	337.7808642515275
1619	1	373.54538419747087
1619	2	302.3055092175768
1619	3	312.15098641407303
1619	4	534.4835741848328
1619	5	711.5250083613873
1619	6	330.35514004940694
1619	7	382.4614618607623
1619	8	595.1298522858385
1619	9	799.7133322852749
1619	10	319.03457976779123
1620	1	323.3722980861738
1620	2	259.46239897673235
1620	3	263.05566379513385
1620	4	416.69253798967156
1620	5	656.5542661632087
1620	6	298.09788925508866
1620	7	336.3761583389692
1620	8	536.1957084765246
1620	9	716.3633041191142
1620	10	271.6251654815874
1621	1	264.8250890523607
1621	2	193.50314976132563
1621	3	205.47256326693798
1621	4	301.8532299639935
1621	5	582.9110233364518
1621	6	245.52808697097052
1621	7	283.7497104090767
1621	8	474.90308050991604
1621	9	564.1896862406265
1621	10	188.69992963228748
1622	1	300.76964118446494
1622	2	227.61416124218343
1622	3	243.00284253485916
1622	4	356.14350933607216
1622	5	618.5952399459447
1622	6	280.3489003683573
1622	7	320.1379302659564
1622	8	503.3110374152871
1622	9	673.1298693915758
1622	10	257.3319182686902
1623	1	74.04157789708228
1623	2	55.245986823384584
1623	3	122.81578375968456
1623	4	83.43595035609863
1623	5	275.54554671006906
1623	6	79.43726804020064
1623	7	106.78619144209507
1623	8	206.86191592452542
1623	9	221.541906926037
1623	10	54.49802749285027
1624	1	31.746144018014242
1624	4	47.11504471165091
1624	9	118.85944579917484
1624	10	15.190132659038653
1625	1	386.0562678221225
1625	2	265.687184036025
1625	3	304.23763804953865
1625	4	477.92784273870643
1625	5	741.2790951804973
1625	6	298.42301712262133
1625	7	332.70581649875345
1625	8	575.6531054457873
1625	9	734.3930180615679
1625	10	349.5056876658381
1626	1	383.3887733810377
1626	2	299.0208534021739
1626	3	315.3441092787351
1626	4	538.3577588450992
1626	5	715.7346960191833
1626	6	329.6653090289881
1626	7	382.80903624737283
1626	8	596.5523249903422
1626	9	794.3717811588235
1626	10	332.32138234194895
1627	1	335.0583228232347
1627	2	256.8032429952414
1627	3	266.960540082477
1627	4	423.63094818867995
1627	5	663.1049225790373
1627	6	298.14533611081083
1627	7	338.1188177643847
1627	8	537.7005537340453
1627	9	714.745000445251
1627	10	286.109008142861
1628	1	278.0368807162973
1628	2	191.48524093718765
1628	3	210.0073583450133
1628	4	311.5739685181684
1628	5	591.5913198594521
1628	6	246.26113768248703
1628	7	286.7901811176969
1628	8	476.43403132799034
1628	9	566.0561519538106
1628	10	203.99698718631822
1629	1	315.146304120393
1629	2	226.23927995242653
1629	3	248.07648231645504
1629	4	368.29894767530936
1629	5	629.1226876340011
1629	6	281.6988693939894
1629	7	324.3449655971752
1629	8	504.8173279906962
1629	9	678.194950921742
1629	10	273.0471405222213
1630	1	75.41679146480362
1630	2	58.6838587254657
1630	4	87.6345857410679
1630	5	280.2177639028028
1630	6	80.60903623288851
1630	7	108.46006245076357
1630	8	208.17225488496584
1630	9	219.57454938375577
1630	10	55.55706763183743
1631	9	117.16299642273869
1632	1	401.457014481158
1632	2	266.11131171262144
1632	3	310.31216919910923
1632	4	494.7917806697868
1632	5	755.0493171641049
1632	6	301.07164501946136
1632	7	339.33300626822574
1632	8	576.857059010966
1632	9	747.0201301285573
1632	10	364.1146461058324
1633	1	398.2576053065243
1633	2	299.95697314698623
1633	3	321.53293831167593
1633	4	555.8147773696146
1633	5	729.6682197676166
1633	6	332.52882308906396
1633	7	389.806910704279
1633	8	597.6099183370102
1633	9	808.7923066449721
1633	10	345.8192029033062
1634	1	348.9619606054027
1634	2	258.1881169528081
1634	3	273.1518929967422
1634	4	441.1699859663008
1634	5	676.6980352678773
1634	6	301.1051300848639
1634	7	345.244053767905
1634	8	538.6057660834908
1634	9	730.5987881322815
1634	10	298.16701318077827
1635	1	290.56156590737913
1635	2	193.24646758356351
1635	3	216.0913593046784
1635	4	328.69101031375027
1635	5	604.3345200455644
1635	6	249.1976814379918
1635	7	293.7929452255252
1635	8	477.19114708668957
1635	9	583.0011204432313
1635	10	214.32340166163453
1636	1	325.9092782519693
1636	2	228.2974227952325
1636	3	253.94731767861316
1636	4	384.5109296375379
1636	5	640.5158915426832
1636	6	284.4950592465566
1636	7	330.97511731090697
1636	8	505.44066742077734
1636	9	695.9165791191451
1636	10	281.3938627537093
1637	1	76.93319246655444
1637	2	61.268365230594775
1637	3	127.5174020079466
1637	4	90.73804126297239
1637	5	283.4327804068073
1637	6	81.00417740130467
1637	7	111.23989377307224
1637	8	211.06129373947823
1637	9	219.73822172141416
1637	10	57.11971925769213
1638	1	34.665718037837436
1638	2	33.48520875842831
1638	3	99.50596797011302
1638	6	56.589678353957574
1638	9	117.65801109485606
1639	1	405.10691193028913
1639	2	268.5504537297646
1639	3	314.9810274358728
1639	4	505.7965429891525
1639	5	759.7163855901493
1639	6	302.81752551097645
1639	7	343.4356558529098
1639	8	577.2553992607243
1639	9	765.5761295760905
1639	10	365.55402548495204
1640	1	399.12900818648666
1640	2	302.3556893123793
1640	3	325.64771910613814
1640	4	564.4470071891922
1640	5	731.3826439970255
1640	6	333.75450374985894
1640	7	392.65796322393885
1640	8	598.0171364837661
1640	9	827.2863937391517
1640	10	344.82744624767975
