1032	1306.0
1033	2133.4948723592897
1034	489.58817575734076
1035	2557.7692594193377
1036	2649.673974526224
1037	2250.6814580833943
1038	1784.4142385093664
1039	2074.2480021404353
1040	443.15958764405605
1041	2510.689207586298
1042	2602.593922693184
1043	2202.7327879572476
1044	1737.1170321030497
1045	2028.0365686005023
1046	383.96700606852085
1047	2452.3109556605505
1048	2543.455629760968
1049	2144.4631133181383
1050	1678.847357463941
1051	1968.898275668287
1052	301.9524419129671
1053	3199.2694637006025
1054	2422.7274014591094
1055	1957.5459547514654
1056	2247.3797183825345
1057	604.4502173601803
1058	2670.7854871494765
1059	2763.2330886895543
1060	2363.8062631001712
1061	1898.40766181925
1062	2188.241425450319
1063	545.3119244278892
1064	2624.411187679587
1065	2715.5558617800043
1066	2318.3005819233877
1067	1851.1647440562535
1068	2140.9985076873227
1069	498.01471802157334
1070	2565.490049320648
1071	2657.503341714172
1072	2259.3794435644495
1073	1792.0264511240377
1074	2082.0773693283827
1075	438.8764250892823
1076	2506.3517563884316
1077	2598.365048781957
1078	2245.422753314754
1079	1778.9383791666967
1080	2068.989297371796
1081	426.9284146423977
1082	2493.480839005122
1083	2586.3627496917534
1084	2186.2844603825397
1085	15.0
1086	262.25820865588497
1087	2372.776288166917
1088	2510.855001707924
1089	2527.224456758783
1090	2127.1461674503234
1091	1672.7743230447604
1092	1963.6938595429672
1093	319.570008367365
1094	148.16287848760055
1095	2387.9682466022614
1096	2479.00434341604
1097	2079.794672400689
1098	1614.6132256922895
1099	1904.4469893241128
1100	261.517488301457
1101	2328.829953670046
1102	2420.7346687769323
1103	2020.6563794684728
1104	1555.474932760074
1105	2081.524282102212
1106	437.50900821317305
1107	2504.930050868401
1108	2597.8119615550304
1109	2198.6022905396785
1110	1732.5522255381732
1111	2022.82029831655
1112	379.23933357406406
1113	2446.6603762292907
1114	2538.673668622816
1115	2140.33261590057
1116	1674.2825508990645
1117	1964.550623677441
1118	331.67068395107646
1119	2399.417458466294
1120	2492.733678299478
1121	2093.30685271085
1122	1626.1710148429609
1123	1916.0047784747842
1124	272.9667001654145
1125	2340.7134746806323
1126	2433.921117227177
1127	2034.4942916385492
1128	1567.3584537706604
1129	1857.6265265490372
1130	214.26271637967682
1131	2567.080545076815
1132	2658.985260183701
1133	2260.8613620347323
1134	1794.5941424599496
1135	2084.862215238327
1136	441.0640959224131
1137	2508.376561291152
1138	2602.2356675575274
1139	2203.2431511154527
1140	1735.8901586742877
1141	2025.941076879388
1142	382.68584399659034
1143	2450.2154639386827
1144	2554.504152004659
1145	2155.511635562584
1146	1688.1586431214178
1147	1978.2095613265176
1148	334.7914625137634
1149	164.47010550038226
1150	2403.5697212521964
1151	2496.0173227922733
1152	2096.373342630368
1153	1629.237504762479
1154	1919.2884229668255
1155	276.08747872802587
1156	2344.8657374665336
1157	2437.3133390066114
1158	2037.6693588447058
1159	2133.579666683372
1160	2424.499203180824
1161	781.3525475853435
1162	610.5968814254096
1163	2848.773590240873
1164	2940.7868826343974
1165	2542.4458299113967
1166	2076.395764910646
1167	2366.229528541716
1168	722.214254653053
1169	2789.6352973086578
1170	2882.517207995287
1171	2483.3075369791814
1172	15.0
1173	563.6294357546333
1174	2681.9118945068076
1175	2818.4705260348783
1176	2834.8399810857372
1177	2435.8474646429077
1178	1970.448863361987
1179	2260.716936139609
1180	616.81023953751
1181	2683.6883957599994
1182	2776.5703064466297
1183	2377.143480857246
1184	1911.7448795763246
1185	2202.012952353947
1186	605.3699845614127
1187	139.9713832799638
1188	430.02230148476156
1189	4931.226521263392
1190	2394.277723702041
1191	2907.7344373096967
1192	2926.275438093323
1193	2525.979994210833
1194	2059.495620063529
1195	2350.415156560981
1196	706.508459958806
1197	545.9109323818774
1198	2787.2363825100792
1199	2877.838170177305
1200	2479.0628083077518
1201	2013.6642070268301
1202	2303.715125231176
1203	659.2655421957345
1204	487.2069485962154
1205	2728.098089577863
1206	2819.1341863916423
1207	2421.6617519617494
1208	1954.5259140938604
1209	2244.5768322989607
1210	601.3758880598596
1211	2669.285528505563
1212	2858.9676430653108
1213	2459.757972049204
1214	1994.3593707675284
1215	2284.410288972628
1216	640.3950150836648
1217	468.7707306306994
1218	2707.81605773957
1219	2800.6979684254475
1220	2400.6196791169878
1221	1935.221077835313
1222	2225.271996040412
1223	582.125340444556
1224	409.84959227168486
1225	2649.546383099707
1226	2741.559675493232
1227	2354.6796887936516
1228	1887.761005499039
1229	2178.0290782774155
1230	533.9595157451332
1231	2601.869156190157
1232	2693.8824485836813
1233	2295.5413958614354
1234	1828.6227125668233
1235	2119.3250944917536
1236	475.6355524626291
1237	305.5313500225246
1238	2543.165172404494
1239	2635.0698875113803
1240	2237.380298508964
1241	2131.080698044314
1242	2421.5659253959675
1243	777.0077650737372
1244	606.4692534870792
1245	2844.537385015603
1246	2937.310718415595
1247	2538.535356546796
1248	2072.4852915452902
1249	2362.319055177114
1250	718.7380904345529
1251	2785.3990920833867
1252	2878.17242548338
1253	2479.3970636145805
1254	2013.3469986130756
1255	2314.5875396242445
1256	671.2237294549601
1257	2738.9705039701776
1258	2830.875219077063
1259	2431.882702634988
1260	1965.6154830602052
1261	2255.4492466920283
1262	612.0311478793498
1263	2680.1579428978766
1264	2772.6055444379535
1265	2373.1787188493254
1266	1907.7801175676493
1267	2198.048190346026
1268	437.5605034584098
1269	1044.5779158001783
1270	1605.0659701772718
1271	6796.363050907445
1272	5692.080480051913
1273	4897.855597289061
1274	4616.142187423187
1275	1662.1470292163517
1276	1491.3913630564925
1277	4711.5902930013035
1278	3822.7757144183515
1279	3424.2175071228285
1280	2957.9502875480475
1281	3247.7840511798695
1282	1603.877354577243
1283	3683.0309064719586
1284	4372.911469685654
1285	3972.616025803919
1286	3507.000269948967
1287	3797.4854972998664
1288	1557.5030551072773
1289	4077.49419262395
1290	4666.594743573518
1291	4683.832816917484
1292	4283.971682182302
1293	1963.9097501782592
1294	499.64435869251895
1295	4029.4632819953713
1296	3808.262294858743
1297	1069.5310193957216
1298	3960.906492677288
1299	4053.7884033639184
1300	3653.927268627982
1301	2421.8940861747933
1302	2712.596468098968
1303	1068.6897714969448
1304	3136.002236865911
1305	3227.9069519727964
1306	2828.9144355299677
1307	2374.488302481839
