1250	1	317.825190887
1250	2	257.357810323
1250	3	307.801547917
1250	4	452.523596988
1250	5	489.257568432
1250	6	307.132985485
1250	7	348.163543891
1250	8	506.141791321
1250	9	813.322096968
1250	10	344.708309322
1251	1	262.669307638
1251	2	194.404091663
1251	3	249.053843635
1251	4	336.832098877
1251	5	412.951264769
1251	6	255.375503016
1251	7	295.738627084
1251	8	427.651214889
1251	9	621.802667179
1251	10	264.841343705
1252	1	290.522874742
1252	2	223.457129968
1252	3	288.466983612
1252	4	386.887392744
1252	5	452.643832308
1252	6	288.687437651
1252	7	330.133571272
1252	8	466.030478526
1252	9	759.898592425
1252	10	326.261235203
1253	1	77.4009736176
1253	2	69.5920154767
1253	3	124.612717153
1253	4	80.0450629796
1253	5	255.178089921
1253	6	104.115762043
1253	7	137.733610779
1253	8	235.166216383
1253	9	275.679941445
1253	10	12.3747988559
1254	4	88.5168439797
1255	1	379.29109094
1255	2	268.204735817
1255	3	344.297969798
1255	4	514.652680886
1255	5	579.781017056
1255	6	306.54637475
1255	7	338.442907471
1255	8	564.370283409
1255	9	815.668691843
1255	10	418.939659807
1256	1	368.987005103
1256	2	303.122225103
1256	3	355.321609546
1256	4	576.089161568
1256	5	550.747764926
1256	6	339.49442934
1256	7	393.1620084
1256	8	604.215074007
1256	9	888.864755514
1256	10	396.264005671
1257	1	317.937132799
1257	2	257.488410188
1257	3	308.395756594
1257	4	452.727029403
1257	5	492.893093928
1257	6	307.902125468
1257	7	348.968323486
1257	8	509.911869718
1257	9	815.874728201
1257	10	343.87052307
1258	1	262.78124955
1258	2	194.534691528
1258	3	249.648052312
1258	4	337.035531292
1258	5	416.586790264
1258	6	256.144642999
1258	7	296.543406678
1258	8	431.421293286
1258	9	624.355298412
1258	10	264.003557453
1259	1	290.634816653
1259	2	223.587729834
1259	3	289.061192289
1259	4	387.090825159
1259	5	456.279357804
1259	6	289.456577634
1259	7	330.938350866
1259	8	469.800556924
1259	9	762.451223658
1259	10	325.423448951
1260	1	77.5129155288
1260	2	69.722615342
1260	3	125.20692583
1260	4	80.2484953949
1260	5	258.813615417
1260	6	104.884902026
1260	7	138.538390374
1260	8	238.936294781
1260	9	278.232572678
1260	10	13.2125851079
1261	1	379.403032851
1261	2	268.335335683
1261	3	344.892178475
1261	4	514.856113301
1261	5	583.416542552
1261	6	307.315514733
1261	7	339.247687065
1261	8	568.140361806
1261	9	818.221323076
1261	10	418.101873555
1262	1	369.098947015
1262	2	303.252824968
1262	3	355.915818223
1262	4	576.292593983
1262	5	554.383290422
1262	6	340.263569323
1262	7	393.966787994
1262	8	607.985152404
1262	9	891.417386746
1262	10	395.426219419
1263	1	318.04907471
1263	2	257.619010053
1263	3	308.989965271
1263	4	452.930461818
1263	5	496.528619424
1263	6	308.671265451
1263	7	349.77310308
1263	8	513.681948116
1263	9	818.427359434
1263	10	343.032736818
1264	1	262.893191461
1264	2	194.665291393
1264	3	250.242260989
1264	4	337.238963707
1264	5	420.22231576
1264	6	256.913782982
1264	7	297.348186272
1264	8	435.191371684
1264	9	626.907929644
1264	10	263.165771201
1265	1	290.746758564
1265	2	223.718329699
1265	3	289.655400966
1265	4	387.294257575
1265	5	459.9148833
1265	6	290.225717617
1265	7	331.74313046
1265	8	473.570635321
1265	9	765.003854891
1265	10	324.585662699
1266	1	77.6248574399
1266	2	69.8532152074
1266	3	125.801134507
1266	4	80.4519278101
1266	5	262.449140913
1266	6	105.654042009
1266	7	139.343169968
1266	8	242.706373178
1266	9	280.785203911
1266	10	14.05037136
1267	6	109.664228977
1267	9	158.418736748
1268	1	379.514974762
1268	2	268.465935548
1268	3	345.486387152
1268	4	515.059545716
1268	5	587.052068048
1268	6	308.084654716
1268	7	340.05246666
1268	8	571.910440204
1268	9	820.773954309
1268	10	417.264087303
1269	1	369.210888926
1269	2	303.383424833
1269	3	356.5100269
1269	4	576.496026398
1269	5	558.018815918
1269	6	341.032709306
1269	7	394.771567589
1269	8	611.755230802
1269	9	893.970017979
1269	10	394.588433166
1270	1	318.161016621
1270	2	257.749609919
1270	3	309.584173948
1270	4	453.133894233
1270	5	500.164144919
1270	6	309.440405434
1270	7	350.577882675
1270	8	517.452026513
1270	9	820.979990667
1270	10	342.194950566
1271	1	263.005133372
1271	2	194.795891259
1271	3	250.836469666
1271	4	337.442396123
1271	5	423.857841256
1271	6	257.682922965
1271	7	298.152965867
1271	8	438.961450081
1271	9	629.460560877
1271	10	262.327984949
1272	1	290.858700475
1272	2	223.848929564
1272	3	290.249609643
1272	4	387.49768999
1272	5	463.550408796
1272	6	290.9948576
1272	7	332.547910055
1272	8	477.340713719
1272	9	767.556486124
1272	10	323.747876446
1273	1	77.7367993511
1273	2	69.9838150727
1273	3	126.395343184
1273	4	80.6553602254
1273	5	266.084666408
1273	6	106.423181992
1273	7	140.147949563
1273	8	246.476451576
1273	9	283.337835144
1273	10	14.8881576121
1274	1	379.626916673
1274	2	268.596535414
1274	3	346.080595829
1274	4	515.262978132
1274	5	590.687593544
1274	6	308.853794699
1274	7	340.857246254
1274	8	575.680518601
1274	9	823.326585542
1274	10	416.426301051
1275	1	369.322830837
1275	2	303.514024699
1275	3	357.104235577
1275	4	576.699458813
1275	5	561.654341414
1275	6	341.801849289
1275	7	395.576347183
1275	8	615.525309199
1275	9	896.522649212
1275	10	393.750646914
1276	1	318.272958532
1276	2	257.880209784
1276	3	310.178382625
1276	4	453.337326649
1276	5	503.799670415
1276	6	310.209545417
1276	7	351.382662269
1276	8	521.222104911
1276	9	823.5326219
1276	10	341.357164313
1277	1	263.117075283
1277	2	194.926491124
1277	3	251.430678343
1277	4	337.645828538
1277	5	427.493366752
1277	6	258.452062948
1277	7	298.957745461
1277	8	442.731528479
1277	9	632.01319211
1277	10	261.490198697
1278	1	290.970642387
1278	2	223.97952943
1278	3	290.84381832
1278	4	387.701122405
1278	5	467.185934292
1278	6	291.763997583
1278	7	333.352689649
1278	8	481.110792116
1278	9	770.109117357
1278	10	322.910090194
1279	2	70.1144149381
1279	3	126.989551861
1279	4	80.8587926406
1279	5	269.720191904
1279	6	107.192321975
1279	7	140.952729157
1279	8	250.246529973
1279	9	285.890466377
1280	1	56.7265816489
1281	1	379.738858584
1281	2	268.727135279
1281	3	346.674804506
1281	4	515.466410547
1281	5	594.32311904
1281	6	309.622934682
1281	7	341.662025849
1281	8	579.450596999
1281	9	825.879216775
1281	10	415.588514799
1282	1	369.434772748
1282	2	303.644624564
1282	3	357.698444254
1282	4	576.902891229
1282	5	565.28986691
1282	6	342.570989272
1282	7	396.381126777
1282	8	619.295387597
1282	9	899.075280445
1282	10	392.912860662
1283	1	318.384900443
1283	2	258.010809649
1283	3	310.772591302
1283	4	453.540759064
1283	5	507.435195911
1283	6	310.9786854
1283	7	352.187441863
1283	8	524.992183308
1283	9	826.085253132
1283	10	340.519378061
1284	1	263.229017194
1284	2	195.057090989
1284	3	252.02488702
1284	4	337.849260953
1284	5	431.128892248
1284	6	259.221202931
1284	7	299.762525056
1284	8	446.501606876
1284	9	634.565823343
1284	10	260.652412444
1285	1	291.082584298
1285	2	224.110129295
1285	3	291.438026997
1285	4	387.904554821
1285	5	470.821459788
1285	6	292.533137566
1285	7	334.157469244
1285	8	484.880870514
1285	9	772.66174859
1285	10	322.072303942
1286	1	77.9606831734
1286	2	70.2450148035
1286	4	81.0622250559
1286	5	273.3557174
1286	6	107.961461957
1286	7	141.757508751
1286	8	254.016608371
1286	9	288.44309761
1286	10	16.5637301163
1287	9	166.076630446
1288	1	379.850800495
1288	2	268.857735144
1288	3	347.269013183
1288	4	515.669842962
1288	5	597.958644536
1288	6	310.392074664
1288	7	342.466805443
1288	8	583.220675396
1288	9	828.431848008
1288	10	414.750728547
1289	1	369.546714659
1289	2	303.77522443
1289	3	358.292652931
1289	4	577.106323644
1289	5	568.925392406
1289	6	343.340129255
1289	7	397.185906372
1289	8	623.065465994
1289	9	901.627911678
1289	10	392.07507441
1290	1	318.496842354
1290	2	258.141409515
1290	3	311.366799979
1290	4	453.744191479
1290	5	511.070721407
1290	6	311.747825383
1290	7	352.992221458
1290	8	528.762261706
1290	9	828.637884365
1290	10	339.681591809
1291	1	263.340959105
1291	2	195.187690855
1291	3	252.619095697
1291	4	338.052693369
1291	5	434.764417744
1291	6	259.990342914
1291	7	300.56730465
1291	8	450.271685274
1291	9	637.118454576
1291	10	259.814626192
1292	1	291.194526209
1292	2	224.240729161
1292	3	292.032235674
1292	4	388.107987236
1292	5	474.456985284
1292	6	293.302277549
1292	7	334.962248838
1292	8	488.650948911
1292	9	775.214379823
1292	10	321.23451769
1293	3	128.177969215
1293	4	81.2656574712
1293	5	276.991242896
1293	6	108.73060194
1293	7	142.562288346
1293	8	257.786686768
1293	9	290.995728842
1293	10	17.4015163683
1294	1	379.962742407
1294	2	268.98833501
1294	3	347.86322186
1294	4	515.873275378
1294	5	601.594170032
1294	6	311.161214647
1294	7	343.271585037
1294	8	586.990753794
1294	9	830.984479241
1294	10	413.912942295
1295	1	369.65865657
1295	2	303.905824295
1295	3	358.886861608
1295	4	577.309756059
1295	5	572.560917902
1295	6	344.109269238
1295	7	397.990685966
1295	8	626.835544392
1295	9	904.180542911
1295	10	391.237288158
1296	1	318.608784266
1296	2	258.27200938
1296	3	311.961008656
1296	4	453.947623894
1296	5	514.706246903
1296	6	312.516965366
1296	7	353.797001052
1296	8	532.532340103
1296	9	831.190515598
1296	10	338.843805557
1297	1	263.452901016
1297	2	195.31829072
1297	3	253.213304374
1297	4	338.256125784
1297	5	438.39994324
1297	6	260.759482897
1297	7	301.372084244
1297	8	454.041763671
1297	9	639.671085809
1297	10	258.97683994
1298	1	291.30646812
1298	2	224.371329026
1298	3	292.626444351
1298	4	388.311419651
1298	5	478.09251078
1298	6	294.071417532
1298	7	335.767028432
1298	8	492.421027308
1298	9	777.767011055
1298	10	320.396731438
1299	1	78.1845669957
1299	2	70.5062145342
1299	3	128.772177892
1299	4	81.4690898864
1299	5	280.626768392
1299	6	109.499741923
1299	7	143.36706794
1299	8	261.556765166
1299	9	293.548360075
1299	10	18.2393026204
1300	1	380.074684318
1300	2	269.118934875
1300	3	348.457430537
1300	4	516.076707793
1300	5	605.229695528
1300	6	311.93035463
1300	7	344.076364632
1300	8	590.760832191
1300	9	833.537110473
1300	10	413.075156043
1301	1	369.770598481
1301	2	304.03642416
1301	3	359.481070285
1301	4	577.513188474
1301	5	576.196443398
1301	6	344.878409221
1301	7	398.795465561
1301	8	630.605622789
1301	9	906.733174144
1301	10	390.399501906
1302	1	318.720726177
1302	2	258.402609246
1302	3	312.555217333
1302	4	454.15105631
1302	5	518.341772399
1302	6	313.286105348
1302	7	354.601780647
1302	8	536.302418501
1302	9	833.743146831
1302	10	338.006019305
1303	1	263.564842928
1303	2	195.448890585
1303	3	253.807513051
1303	4	338.459558199
1303	5	442.035468736
1303	6	261.52862288
1303	7	302.176863839
1303	8	457.811842069
1303	9	642.223717042
1303	10	258.139053688
1304	1	291.418410031
1304	2	224.501928891
1304	3	293.220653028
1304	4	388.514852066
1304	5	481.728036276
1304	6	294.840557515
1304	7	336.571808027
1304	8	496.191105706
1304	9	780.319642288
1304	10	319.558945186
1305	1	78.2965089068
1305	2	70.6368143995
1305	3	129.366386569
1305	4	81.6725223017
1305	5	284.262293888
1305	6	110.268881906
1305	7	144.171847535
1305	8	265.326843563
1305	9	296.100991308
1305	10	19.0770888725
1306	6	114.279068875
1307	1	380.186626229
1307	2	269.24953474
1307	3	349.051639214
1307	4	516.280140208
1307	5	608.865221024
1307	6	312.699494613
1307	7	344.881144226
1307	8	594.530910589
1307	9	836.089741706
1307	10	412.237369791
1308	1	369.882540393
1308	2	304.167024026
1308	3	360.075278962
1308	4	577.71662089
1308	5	579.831968894
1308	6	345.647549204
1308	7	399.600245155
1308	8	634.375701187
1308	9	909.285805376
1308	10	389.561715654
1309	1	318.832668088
1309	2	258.533209111
1309	3	313.14942601
1309	4	454.354488725
1309	5	521.977297895
1309	6	314.055245331
1309	7	355.406560241
1309	8	540.072496898
1309	9	836.295778064
1309	10	337.168233053
1310	1	263.676784839
1310	2	195.579490451
1310	3	254.401721728
1310	4	338.662990614
1310	5	445.670994232
1310	6	262.297762863
1310	7	302.981643433
1310	8	461.581920466
1310	9	644.776348274
1310	10	257.301267436
1311	1	291.530351942
1311	2	224.632528757
1311	3	293.814861705
1311	4	388.718284482
1311	5	485.363561772
1311	6	295.609697498
1311	7	337.376587621
1311	8	499.961184103
1311	9	782.872273521
1311	10	318.721158934
1312	1	78.408450818
1312	2	70.7674142649
1312	3	129.960595246
1312	4	81.8759547169
1312	5	287.897819384
1312	6	111.038021889
1312	7	144.976627129
1312	8	269.096921961
1312	9	298.653622541
1312	10	19.9148751246
1313	1	57.2862912047
1314	1	380.29856814
1314	2	269.380134606
1314	3	349.645847891
1314	4	516.483572623
1314	5	612.50074652
1314	6	313.468634596
1314	7	345.685923821
1314	8	598.300988986
1314	9	838.642372939
1314	10	411.399583539
1315	1	369.994482304
1315	2	304.297623891
1315	3	360.66948764
1315	4	577.920053305
1315	5	583.46749439
1315	6	346.416689187
1315	7	400.405024749
1315	8	638.145779584
1315	9	911.838436609
1315	10	388.723929402
1316	1	318.944609999
1316	2	258.663808976
1316	3	313.743634687
1316	4	454.55792114
1316	5	525.612823391
1316	6	314.824385314
1316	7	356.211339835
1316	8	543.842575296
1316	9	838.848409297
1316	10	336.330446801
1317	1	263.78872675
1317	2	195.710090316
1317	3	254.995930405
1317	4	338.86642303
1317	5	449.306519728
1317	6	263.066902846
1317	7	303.786423028
1317	8	465.351998864
1317	9	647.328979507
1317	10	256.463481184
1318	1	291.642293853
1318	2	224.763128622
1318	3	294.409070382
1318	4	388.921716897
1318	5	488.999087268
1318	6	296.378837481
1318	7	338.181367216
1318	8	503.731262501
1318	9	785.424904754
1318	10	317.883372682
1319	1	78.5203927291
1319	2	70.8980141303
1319	3	130.554803923
1319	4	82.0793871322
1319	5	291.53334488
1319	6	111.807161872
1319	7	145.781406723
1319	8	272.867000358
1319	9	301.206253774
1319	10	20.7526613767
1320	9	178.839786611
1321	1	380.410510051
1321	2	269.510734471
1321	3	350.240056568
1321	4	516.687005039
1321	5	616.136272016
1321	6	314.237774579
1321	7	346.490703415
1321	8	602.071067384
1321	9	841.195004172
1321	10	410.561797287
1322	1	370.106424215
1322	2	304.428223756
1322	3	361.263696317
1322	4	578.12348572
1322	5	587.103019886
1322	6	347.18582917
1322	7	401.209804344
1322	8	641.915857982
1322	9	914.391067842
1322	10	387.88614315
1323	1	319.05655191
1323	2	258.794408842
1323	3	314.337843365
1323	4	454.761353555
1323	5	529.248348887
1323	6	315.593525297
1323	7	357.01611943
1323	8	547.612653693
1323	9	841.40104053
1323	10	335.492660549
1324	1	263.900668661
1324	2	195.840690182
1324	3	255.590139082
1324	4	339.069855445
1324	5	452.942045224
1324	6	263.836042828
1324	7	304.591202622
1324	8	469.122077261
1324	9	649.88161074
1324	10	255.625694932
1325	1	291.754235765
1325	2	224.893728487
1325	3	295.003279059
1325	4	389.125149312
1325	5	492.634612764
1325	6	297.147977464
1325	7	338.98614681
1325	8	507.501340898
1325	9	787.977535987
1325	10	317.04558643
1326	6	11.2051282051
1326	9	27.1538461538
1327	4	30.4285714286
1327	6	11.2051282051
1327	9	27.1538461538
1328	1	30.7
1328	4	30.4285714286
1328	5	31.75
1328	6	11.2051282051
1328	8	36.2857142857
1328	9	27.1538461538
1329	1	872.876184125
1329	2	824.672647685
1329	3	627.325029712
1329	4	1516.90933383
1329	5	1044.08191133
1329	6	699.771685862
1329	7	728.86120956
1329	8	1290.50818485
1329	9	1946.06155775
1329	10	1152.40948095
1330	1	821.82631182
1330	2	779.03883277
1330	3	580.39917676
1330	4	1393.54720166
1330	5	986.227240329
1330	6	668.179381989
1330	7	684.667524646
1330	8	1196.20498056
1330	9	1873.07153044
1330	10	1100.01599835
1331	1	766.670428571
1331	2	716.08511411
1331	3	521.651472478
1331	4	1277.85570355
1331	5	909.920936666
1331	6	616.421899521
1331	7	632.242607838
1331	8	1117.71440413
1331	9	1681.55210065
1331	10	1020.14903273
1332	1	291.866177676
1332	2	225.024328353
1332	3	295.597487736
1332	4	389.328581727
1332	5	496.270138259
1332	6	297.917117447
1332	7	339.790926404
1332	8	511.271419296
1332	9	790.53016722
1332	10	316.207800178
1333	1	78.7442765514
1333	2	71.159213861
1333	3	131.743221277
1333	4	82.4862519627
1333	5	298.804395872
1333	6	113.345441838
1333	7	147.390965912
1333	8	280.407157153
1333	9	306.31151624
1333	10	22.4282338808
1334	1	380.634393873
1334	2	269.771934202
1334	3	351.428473922
1334	4	517.093869869
1334	5	623.407323007
1334	6	315.776054545
1334	7	348.100262604
1334	8	609.611224179
1334	9	846.300266638
1334	10	408.886224782
1335	1	370.330308037
1335	2	304.689423487
1335	3	362.452113671
1335	4	578.530350551
1335	5	594.374070878
1335	6	348.724109136
1335	7	402.819363533
1335	8	649.456014777
1335	9	919.496330308
1335	10	386.210570646
1336	1	319.280435732
1336	2	259.055608572
1336	3	315.526260719
1336	4	455.168218386
1336	5	536.519399879
1336	6	317.131805263
1336	7	358.625678619
1336	8	555.152810488
1336	9	846.506302995
1336	10	333.817088045
1337	1	264.124552483
1337	2	196.101889912
1337	3	256.778556436
1337	4	339.476720275
1337	5	460.213096216
1337	6	265.374322794
1337	7	306.200761811
1337	8	476.662234056
1337	9	654.986873206
1337	10	253.950122428
1338	1	291.978119587
1338	2	225.154928218
1338	3	296.191696413
1338	4	389.532014143
1338	5	499.905663755
1338	6	298.68625743
1338	7	340.595705999
1338	8	515.041497693
1338	9	793.082798453
1338	10	315.370013926
1339	1	78.8562184626
1339	2	71.2898137264
1339	3	132.337429954
1339	4	82.689684378
1339	5	302.439921368
1339	6	114.114581821
1339	7	148.195745507
1339	8	284.177235551
1339	9	308.864147472
1340	5	273.335783667
1340	6	118.12476879
1340	9	186.497680309
1341	1	380.746335785
1341	2	269.902534067
1341	3	352.022682599
1341	4	517.297302284
1341	5	627.042848503
1341	6	316.545194528
1341	7	348.905042198
1341	8	613.381302576
1341	9	848.852897871
1341	10	408.04843853
1342	1	370.442249948
1342	2	304.820023352
1342	3	363.046322348
1342	4	578.733782966
1342	5	598.009596374
1342	6	349.493249119
1342	7	403.624143127
1342	8	653.226093174
1342	9	922.048961541
1342	10	385.372784394
1343	1	319.392377644
1343	2	259.186208438
1343	3	316.120469396
1343	4	455.371650801
1343	5	540.154925375
1343	6	317.900945246
1343	7	359.430458213
1343	8	558.922888886
1343	9	849.058934228
1343	10	332.979301793
1344	1	264.236494395
1344	2	196.232489778
1344	3	257.372765113
1344	4	339.680152691
1344	5	463.848621712
1344	6	266.143462777
1344	7	307.005541405
1344	8	480.432312454
1344	9	657.539504439
1344	10	253.112336176
1345	1	292.090061498
1345	2	225.285528083
1345	3	296.78590509
1345	4	389.735446558
1345	5	503.541189251
1345	6	299.455397413
1345	7	341.400485593
1345	8	518.811576091
1345	9	795.635429686
1345	10	314.532227674
1346	1	78.9681603737
1346	2	71.4204135917
1346	3	132.931638631
1346	4	82.8931167932
1346	5	306.075446864
1346	6	114.883721804
1346	7	149.000525101
1346	8	287.947313948
1346	9	311.416778705
1346	10	24.103806385
1347	1	348.397283709
1347	2	276.282900149
1347	3	321.41118043
1347	4	441.226868003
1347	5	561.367752741
1347	6	299.465424464
1347	7	327.610178766
1347	8	632.336538007
1347	9	740.245817912
1347	10	403.018291135
1348	1	380.858277696
1348	2	270.033133933
1348	3	352.616891276
1348	4	517.5007347
1348	5	630.678373999
1348	6	317.314334511
1348	7	349.709821793
1348	8	617.151380974
1348	9	851.405529104
1348	10	407.210652278
1349	1	370.55419186
1349	2	304.950623218
1349	3	363.640531025
1349	4	578.937215381
1349	5	601.645121869
1349	6	350.262389101
1349	7	404.428922721
1349	8	656.996171572
1349	9	924.601592774
1349	10	384.534998141
1350	1	319.504319555
1350	2	259.316808303
1350	3	316.714678073
1350	4	455.575083216
1350	5	543.790450871
1350	6	318.670085229
1350	7	360.235237807
1350	8	562.692967283
1350	9	851.611565461
1350	10	332.141515541
1351	1	264.348436306
1351	2	196.363089643
1351	3	257.96697379
1351	4	339.883585106
1351	5	467.484147208
1351	6	266.91260276
1351	7	307.810321
1351	8	484.202390851
1351	9	660.092135672
1351	10	252.274549924
1352	2	32.5
1352	8	36.2857142857
1352	9	27.1538461538
1352	10	32.7826086957
1353	1	739.727668246
1353	2	454.278611347
1353	3	356.29100397
1353	4	878.95306668
1353	5	856.124540324
1353	6	382.704381009
1353	7	293.255090159
1353	8	863.919283934
1353	9	1278.70197153
1353	10	804.183065561
1354	1	817.15705007
1354	2	490.599508867
1354	3	375.748411336
1354	4	921.972707124
1354	5	943.055241515
1354	6	378.704221091
1354	7	268.118712888
1354	8	1002.18997647
1354	9	1345.67882692
1354	10	845.085753279
1355	5	284.242360155
1355	8	270.74174012
1355	9	194.155574008
1356	1	381.082161518
1356	2	270.294333663
1356	3	353.80530863
1356	4	517.90759953
1356	5	637.949424991
1356	6	318.852614477
1356	7	351.319380981
1356	8	624.691537769
1356	9	856.510791569
1356	10	405.535079774
1357	1	370.778075682
1357	2	305.211822949
1357	3	364.828948379
1357	4	579.344080212
1357	5	608.916172861
1357	6	351.800669067
1357	7	406.03848191
1357	8	664.536328367
1357	9	929.706855239
1357	10	382.859425637
1358	1	319.728203377
1358	2	259.578008034
1358	3	317.903095427
1358	4	455.981948047
1358	5	551.061501863
1358	6	320.208365195
1358	7	361.844796996
1358	8	570.233124078
1358	9	856.716827927
1358	10	330.465943036
1359	1	264.572320128
1359	2	196.624289374
1359	3	259.155391145
1359	4	340.290449936
1359	5	474.7551982
1359	6	268.450882726
1359	7	309.419880188
1359	8	491.742547646
1359	9	665.197398137
1359	10	250.598977419
1360	1	292.425887232
1360	2	225.67732768
1360	3	298.568531121
1360	4	390.345743804
1360	5	514.447765739
1360	6	301.762817362
1360	7	343.814824376
1360	8	530.121811283
1360	9	803.293323384
1360	10	312.018868917
1361	1	79.3039861072
1361	2	71.8122131878
1361	3	134.714264662
1361	4	83.503414039
1361	5	316.982023352
1361	6	117.191141753
1361	7	151.414863884
1361	8	299.25754914
1361	9	319.074672404
1361	10	26.6171651412
1362	6	121.201328722
1363	1	381.194103429
1363	2	270.424933529
1363	3	354.399517307
1363	4	518.111031945
1363	5	641.584950487
1363	6	319.62175446
1363	7	352.124160576
1363	8	628.461616166
1363	9	859.063422802
1363	10	404.697293522
1364	1	370.890017593
1364	2	305.342422814
1364	3	365.423157056
1364	4	579.547512627
1364	5	612.551698357
1364	6	352.56980905
1364	7	406.843261505
1364	8	668.306406764
1364	9	932.259486472
1364	10	382.021639385
1365	1	319.840145288
1365	2	259.708607899
1365	3	318.497304104
1365	4	456.185380462
1365	5	554.697027359
1365	6	320.977505178
1365	7	362.64957659
1365	8	574.003202476
1365	9	859.26945916
1365	10	329.628156784
1366	1	264.684262039
1366	2	196.754889239
1366	3	259.749599822
1366	4	340.493882352
1366	5	478.390723695
1366	6	269.220022709
1366	7	310.224659783
1366	8	495.512626044
1366	9	667.75002937
1366	10	249.761191167
1367	1	292.537829143
1367	2	225.807927545
1367	3	299.162739798
1367	4	390.549176219
1367	5	518.083291235
1367	6	302.531957345
1367	7	344.619603971
1367	8	533.891889681
1367	9	805.845954617
1367	10	311.181082665
1368	1	79.4159280183
1368	2	71.9428130532
1368	3	135.308473339
1368	4	83.7068464542
1368	5	320.617548848
1368	6	117.960281736
1368	7	152.219643479
1368	8	303.027627538
1368	9	321.627303637
1368	10	27.4549513933
1369	5	291.513411147
1369	6	121.970468705
1370	1	381.30604534
1370	2	270.555533394
1370	3	354.993725984
1370	4	518.314464361
1370	5	645.220475983
1370	6	320.390894443
1370	7	352.92894017
1370	8	632.231694564
1370	9	861.616054035
1370	10	403.85950727
1371	1	371.001959504
1371	2	305.473022679
1371	3	366.017365733
1371	4	579.750945042
1371	5	616.187223853
1371	6	353.338949033
1371	7	407.648041099
1371	8	672.076485162
1371	9	934.812117705
1371	10	381.183853133
1372	1	319.952087199
1372	2	259.839207765
1372	3	319.091512781
1372	4	456.388812877
1372	5	558.332552855
1372	6	321.746645161
1372	7	363.454356185
1372	8	577.773280873
1372	9	861.822090393
1372	10	328.790370532
1373	1	264.79620395
1373	2	196.885489104
1373	3	260.343808499
1373	4	340.697314767
1373	5	482.026249191
1373	6	269.989162692
1373	7	311.029439377
1373	8	499.282704441
1373	9	670.302660603
1373	10	248.923404915
1374	1	292.649771054
1374	2	225.93852741
1374	3	299.756948475
1374	4	390.752608634
1374	5	521.718816731
1374	6	303.301097328
1374	7	345.424383565
1374	8	537.661968078
1374	9	808.39858585
1374	10	310.343296413
1375	1	79.5278699295
1375	2	72.0734129185
1375	3	135.902682016
1375	4	83.9102788695
1375	5	324.253074344
1375	6	118.729421719
1375	7	153.024423073
1375	8	306.797705935
1375	9	324.17993487
1375	10	28.2927376454
1376	9	201.813467706
1377	1	381.417987252
1377	2	270.686133259
1377	3	355.587934661
1377	4	518.517896776
1377	5	648.856001479
1377	6	321.160034426
1377	7	353.733719765
1377	8	636.001772961
1377	9	864.168685268
1377	10	403.021721018
1378	1	371.113901415
1378	2	305.603622545
1378	3	366.61157441
1378	4	579.954377457
1378	5	619.822749349
1378	6	354.108089016
1378	7	408.452820693
1378	8	675.846563559
1378	9	937.364748938
1378	10	380.346066881
1379	1	320.064029111
1379	2	259.96980763
1379	3	319.685721458
1379	4	456.592245293
1379	5	561.96807835
1379	6	322.515785144
1379	7	364.259135779
1379	8	581.543359271
1379	9	864.374721625
1379	10	327.95258428
1380	1	264.908145861
1380	2	197.01608897
1380	3	260.938017176
1380	4	340.900747182
1380	5	485.661774687
1380	6	270.758302675
1380	7	311.834218972
1380	8	503.052782839
1380	9	672.855291836
1380	10	248.085618663
1381	1	292.761712965
1381	2	226.069127276
1381	3	300.351157152
1381	4	390.956041049
1381	5	525.354342227
1381	6	304.070237311
1381	7	346.229163159
1381	8	541.432046476
1381	9	810.951217083
1381	10	309.505510161
1382	1	79.6398118406
1382	2	72.2040127839
1382	3	136.496890693
1382	4	84.1137112848
1382	5	327.888599839
1382	6	119.498561702
1382	7	153.829202667
1382	8	310.567784333
1382	9	326.732566103
1383	1	58.5176522273
1383	2	86.8804873293
1383	6	123.508748671
1384	1	381.529929163
1384	2	270.816733125
1384	3	356.182143338
1384	4	518.721329191
1384	5	652.491526975
1384	6	321.929174409
1384	7	354.538499359
1384	8	639.771851359
1384	9	866.721316501
1384	10	402.183934766
1385	1	371.225843326
1385	2	305.73422241
1385	3	367.205783087
1385	4	580.157809873
1385	5	623.458274845
1385	6	354.877228999
1385	7	409.257600288
1385	8	679.616641957
1385	9	939.917380171
1385	10	379.508280629
1386	1	320.175971022
1386	2	260.100407495
1386	3	320.279930135
1386	4	456.795677708
1386	5	565.603603846
1386	6	323.284925127
1386	7	365.063915374
1386	8	585.313437668
1386	9	866.927352858
1386	10	327.114798028
1387	1	265.020087773
1387	2	197.146688835
1387	3	261.532225853
1387	4	341.104179597
1387	5	489.297300183
1387	6	271.527442658
1387	7	312.638998566
1387	8	506.822861236
1387	9	675.407923069
1387	10	247.247832411
1388	1	292.873654876
1388	2	226.199727141
1388	3	300.945365829
1388	4	391.159473465
1388	5	528.989867723
1388	6	304.839377294
1388	7	347.033942754
1388	8	545.202124873
1388	9	813.503848316
1388	10	308.667723909
1389	1	79.7517537518
1389	2	72.3346126492
1389	3	137.09109937
1389	4	84.3171437
1389	5	331.524125335
1389	6	120.267701685
1389	7	154.633982262
1389	8	314.33786273
1389	9	329.285197335
1389	10	29.9683101496
1390	1	381.641871074
1390	2	270.94733299
1390	3	356.776352015
1390	4	518.924761606
1390	5	656.127052471
1390	6	322.698314392
1390	7	355.343278953
1390	8	643.541929756
1390	9	869.273947734
1390	10	401.346148514
1391	1	371.337785238
1391	2	305.864822275
1391	3	367.799991764
1391	4	580.361242288
1391	5	627.093800341
1391	6	355.646368982
1391	7	410.062379882
1391	8	683.386720354
1391	9	942.470011404
1391	10	378.670494377
1392	1	320.287912933
1392	2	260.231007361
1392	3	320.874138812
1392	4	456.999110123
1392	5	569.239129342
1392	6	324.05406511
1392	7	365.868694968
1392	8	589.083516066
1392	9	869.479984091
1392	10	326.277011776
1393	1	265.132029684
1393	2	197.277288701
1393	3	262.12643453
1393	4	341.307612013
1393	5	492.932825679
1393	6	272.296582641
1393	7	313.44377816
1393	8	510.592939634
1393	9	677.960554302
1393	10	246.410046159
1394	1	292.985596787
1394	2	226.330327006
1394	3	301.539574506
1394	4	391.36290588
1394	5	532.625393219
1394	6	305.608517277
1394	7	347.838722348
1394	8	548.972203271
1394	9	816.056479548
1394	10	307.829937657
1395	1	79.8636956629
1395	2	72.4652125146
1395	3	137.685308047
1395	4	84.5205761153
1395	5	335.159650831
1395	6	121.036841668
1395	7	155.438761856
1395	8	318.107941128
1395	9	331.837828568
1395	10	30.8060964017
1396	4	92.9923571154
1396	6	125.047028636
1397	1	381.753812985
1397	2	271.077932855
1397	3	357.370560692
1397	4	519.128194022
1397	5	659.762577967
1397	6	323.467454375
1397	7	356.148058548
1397	8	647.312008154
1397	9	871.826578966
1397	10	400.508362262
1398	1	371.449727149
1398	2	305.995422141
1398	3	368.394200441
1398	4	580.564674703
1398	5	630.729325837
1398	6	356.415508965
1398	7	410.867159476
1398	8	687.156798752
1398	9	945.022642637
1398	10	377.832708125
1399	1	320.399854844
1399	2	260.361607226
1399	3	321.468347489
1399	4	457.202542538
1399	5	572.874654838
1399	6	324.823205093
1399	7	366.673474562
1399	8	592.853594463
1399	9	872.032615324
1399	10	325.439225524
1400	1	265.243971595
1400	2	197.407888566
1400	3	262.720643207
1400	4	341.511044428
1400	5	496.568351175
1400	6	273.065722624
1400	7	314.248557755
1400	8	514.363018031
1400	9	680.513185535
1400	10	245.572259907
1401	1	293.097538698
1401	2	226.460926872
1401	3	302.133783183
1401	4	391.566338295
1401	5	536.260918715
1401	6	306.37765726
1401	7	348.643501943
1401	8	552.742281668
1401	9	818.609110781
1401	10	306.992151405
1402	1	79.9756375741
1402	3	138.279516724
1402	4	84.7240085305
1402	5	338.795176327
1402	6	121.805981651
1402	7	156.24354145
1402	8	321.878019525
1402	9	334.390459801
1402	10	31.6438826537
1403	1	381.865754896
1403	2	271.208532721
1403	3	357.964769369
1403	4	519.331626437
1403	5	663.398103463
1403	6	324.236594358
1403	7	356.952838142
1403	8	651.082086551
1403	9	874.379210199
1403	10	399.670576009
1404	1	371.56166906
1404	2	306.126022006
1404	3	368.988409118
1404	4	580.768107118
1404	5	634.364851333
1404	6	357.184648948
1404	7	411.671939071
1404	8	690.926877149
1404	9	947.575273869
1404	10	376.994921873
1405	1	320.511796755
1405	2	260.492207091
1405	3	322.062556166
1405	4	457.405974954
1405	5	576.510180334
1405	6	325.592345076
1405	7	367.478254157
1405	8	596.623672861
1405	9	874.585246557
1405	10	324.601439272
1406	1	265.355913506
1406	2	197.538488431
1406	3	263.314851884
1406	4	341.714476843
1406	5	500.203876671
1406	6	273.834862607
1406	7	315.053337349
1406	8	518.133096429
1406	9	683.065816767
1406	10	244.734473655
1407	1	293.20948061
1407	2	226.591526737
1407	3	302.72799186
1407	4	391.76977071
1407	5	539.896444211
1407	6	307.146797242
1407	7	349.448281537
1407	8	556.512360066
1407	9	821.161742014
1407	10	306.154365153
1408	1	370.638862434
1408	2	262.912424257
1408	3	322.185399227
1408	4	434.789411155
1408	5	626.827145401
1408	6	303.146637325
1408	7	324.311904265
1408	8	694.783052604
1408	9	888.138597404
1408	10	347.057052871
1409	6	11.2051282051
1409	8	36.2857142857
1409	9	27.1538461538
1409	10	32.7826086957
1410	9	27.1538461538
1411	1	320.623738666
1411	2	260.622806957
1411	3	322.656764843
1411	4	457.609407369
1411	5	580.14570583
1411	6	326.361485059
1411	7	368.283033751
1411	8	600.393751258
1411	9	877.13787779
1411	10	323.76365302
1412	1	265.467855417
1412	2	197.669088297
1412	3	263.909060561
1412	4	341.917909258
1412	5	503.839402167
1412	6	274.60400259
1412	7	315.858116943
1412	8	521.903174826
1412	9	685.618448
1412	10	243.896687403
1413	1	293.321422521
1413	2	226.722126602
1413	3	303.322200537
1413	4	391.973203126
1413	5	543.531969707
1413	6	307.915937225
1413	7	350.253061131
1413	8	560.282438463
1413	9	823.714373247
1413	10	305.316578901
1414	1	80.1995213964
1414	2	72.8570121107
1414	3	139.467934079
1414	5	346.066227319
1414	6	123.344261617
1414	7	157.853100639
1414	8	329.41817632
1414	9	339.495722267
1414	10	33.3194551579
1415	3	144.635802052
1415	6	127.354448585
1415	9	217.129255104
1416	1	382.089638718
1416	2	271.469732452
1416	3	359.153186723
1416	4	519.738491267
1416	5	670.669154455
1416	6	325.774874324
1416	7	358.562397331
1416	8	658.622243346
1416	9	879.484472665
1416	10	397.995003505
1417	1	371.785552882
1417	2	306.387221737
1417	3	370.176826472
1417	4	581.174971949
1417	5	641.635902325
1417	6	358.722928914
1417	7	413.28149826
1417	8	698.467033944
1417	9	952.680536335
1417	10	375.319349369
1418	1	320.735680577
1418	2	260.753406822
1418	3	323.25097352
1418	4	457.812839784
1418	5	583.781231326
1418	6	327.130625042
1418	7	369.087813346
1418	8	604.163829656
1418	9	879.690509023
1418	10	322.925866768
1419	1	265.579797328
1419	2	197.799688162
1419	3	264.503269238
1419	4	342.121341674
1419	5	507.474927663
1419	6	275.373142573
1419	7	316.662896538
1419	8	525.673253224
1419	9	688.171079233
1419	10	243.058901151
1420	1	293.433364432
1420	2	226.852726468
1420	3	303.916409214
1420	4	392.176635541
1420	5	547.167495203
1420	6	308.685077208
1420	7	351.057840726
1420	8	564.052516861
1420	9	826.26700448
1420	10	304.478792649
1421	1	80.3114633076
1421	2	72.9876119761
1421	3	140.062142756
1421	4	85.3343057763
1421	5	349.701752815
1421	6	124.1134016
1421	7	158.657880234
1421	8	333.188254718
1421	9	342.0483535
1421	10	34.15724141
1422	1	382.20158063
1422	2	271.600332317
1422	3	359.747395401
1422	4	519.941923683
1422	5	674.304679951
1422	6	326.544014307
1422	7	359.367176925
1422	8	662.392321744
1422	9	882.037103898
1422	10	397.157217253
1423	1	371.897494793
1423	2	306.517821602
1423	3	370.771035149
1423	4	581.378404364
1423	5	645.271427821
1423	6	359.492068897
1423	7	414.086277854
1423	8	702.237112342
1423	9	955.233167568
1423	10	374.481563116
1424	1	320.847622489
1424	2	260.884006687
1424	3	323.845182197
1424	4	458.016272199
1424	5	587.416756822
1424	6	327.899765025
1424	7	369.89259294
1424	8	607.933908053
1424	9	882.243140255
1424	10	322.088080516
1425	1	265.691739239
1425	2	197.930288027
1425	3	265.097477915
1425	4	342.324774089
1425	5	511.110453159
1425	6	276.142282556
1425	7	317.467676132
1425	8	529.443331621
1425	9	690.723710466
1425	10	242.221114899
1426	1	293.545306343
1426	2	226.983326333
1426	3	304.510617891
1426	4	392.380067956
1426	5	550.803020699
1426	6	309.454217191
1426	7	351.86262032
1426	8	567.822595258
1426	9	828.819635713
1426	10	303.641006396
1427	2	73.1182118414
1427	3	140.656351433
1427	4	85.5377381916
1427	6	124.882541583
1427	8	336.958333115
1427	9	344.600984733
1427	10	34.9950276621
1428	1	59.3012456054
1428	2	87.7946863869
1428	4	94.0095191916
1428	9	222.234517569
1428	10	12.5883480814
1429	1	382.313522541
1429	2	271.730932182
1429	3	360.341604078
1429	4	520.145356098
1429	5	677.940205447
1429	6	327.31315429
1429	7	360.17195652
1429	8	666.162400141
1429	9	884.589735131
1429	10	396.319431001
1430	1	372.009436704
1430	2	306.648421468
1430	3	371.365243826
1430	4	581.581836779
1430	5	648.906953317
1430	6	360.26120888
1430	7	414.891057448
1430	8	706.007190739
1430	9	957.785798801
1430	10	373.643776864
1431	1	320.9595644
1431	2	261.014606553
1431	3	324.439390874
1431	4	458.219704615
1431	5	591.052282318
1431	6	328.668905008
1431	7	370.697372534
1431	8	611.703986451
1431	9	884.795771488
1431	10	321.250294264
1432	1	265.803681151
1432	2	198.060887893
1432	3	265.691686592
1432	4	342.528206504
1432	5	514.745978655
1432	6	276.911422539
1432	7	318.272455727
1432	8	533.213410019
1432	9	693.276341699
1432	10	241.383328647
1433	1	293.657248254
1433	2	227.113926199
1433	3	305.104826568
1433	4	392.583500371
1433	5	554.438546195
1433	6	310.223357174
1433	7	352.667399915
1433	8	571.592673656
1433	9	831.372266946
1433	10	302.803220144
1434	1	30.7
1434	3	46.125
1434	4	30.4285714286
1434	5	31.75
1434	6	11.2051282051
1434	7	33.8666666667
1434	8	36.2857142857
1434	9	27.1538461538
1434	10	32.7826086957
1435	4	30.4285714286
1436	3	46.125
1436	4	30.4285714286
1436	6	11.2051282051
1436	7	33.8666666667
1436	9	27.1538461538
1436	10	32.7826086957
1437	1	372.121378616
1437	2	306.779021333
1437	3	371.959452503
1437	4	581.785269195
1437	5	652.542478813
1437	6	361.030348863
1437	7	415.695837043
1437	8	709.777269137
1437	9	960.338430034
1437	10	372.805990612
1438	1	321.071506311
1438	2	261.145206418
1438	3	325.033599551
1438	4	458.42313703
1438	5	594.687807814
1438	6	329.438044991
1438	7	371.502152129
1438	8	615.474064848
1438	9	887.348402721
1438	10	320.412508011
1439	1	265.915623062
1439	2	198.191487758
1439	3	266.285895269
1439	4	342.731638919
1439	5	518.381504151
1439	6	277.680562522
1439	7	319.077235321
1439	8	536.983488416
1439	9	695.828972932
1439	10	240.545542394
1440	1	293.769190165
1440	2	227.244526064
1440	3	305.699035245
1440	4	392.786932787
1440	5	558.07407169
1440	6	310.992497157
1440	7	353.472179509
1440	8	575.362752053
1440	9	833.924898179
1440	10	301.965433892
1441	1	80.647289041
1441	2	73.3794115721
1441	3	141.844768787
1441	4	85.9446030221
1441	5	360.608329303
1441	6	126.420821549
1441	7	161.072219017
1441	8	344.49848991
1441	9	349.706247198
1441	10	36.6706001662
1442	6	130.431008517
1442	8	319.752759288
1442	9	227.339780035
1443	1	382.537406363
1443	2	271.992131913
1443	3	361.530021432
1443	4	520.552220928
1443	5	685.211256438
1443	6	328.851434256
1443	7	361.781515709
1443	8	673.702556936
1443	9	889.694997596
1443	10	394.643858497
1444	1	372.233320527
1444	2	306.909621198
1444	3	372.55366118
1444	4	581.98870161
1444	5	656.178004309
1444	6	361.799488846
1444	7	416.500616637
1444	8	713.547347534
1444	9	962.891061267
1444	10	371.96820436
1445	1	321.183448222
1445	2	261.275806284
1445	3	325.627808228
1445	4	458.626569445
1445	5	598.32333331
1445	6	330.207184974
1445	7	372.306931723
1445	8	619.244143246
1445	9	889.901033954
1445	10	319.574721759
1446	1	266.027564973
1446	2	198.322087623
1446	3	266.880103946
1446	4	342.935071335
1446	5	522.017029647
1446	6	278.449702505
1446	7	319.882014915
1446	8	540.753566813
1446	9	698.381604165
1446	10	239.707756142
1447	1	293.881132077
1447	2	227.375125929
1447	3	306.293243922
1447	4	392.990365202
1447	5	561.709597186
1447	6	311.76163714
1447	7	354.276959103
1447	8	579.132830451
1447	9	836.477529411
1447	10	301.12764764
1448	2	73.5100114375
1448	3	142.438977464
1448	4	86.1480354373
1448	5	364.243854799
1448	6	127.189961531
1448	7	161.876998611
1448	8	348.268568308
1448	9	352.258878431
1448	10	37.5083864183
1449	10	393.806072245
1450	1	372.345262438
1450	2	307.040221064
1450	3	373.147869857
1450	4	582.192134025
1450	5	659.813529805
1450	6	362.568628829
1450	7	417.305396232
1450	8	717.317425932
1450	9	965.4436925
1450	10	371.130418108
1451	1	321.295390133
1451	2	261.406406149
1451	3	326.222016905
1451	4	458.830001861
1451	5	601.958858806
1451	6	330.976324957
1451	7	373.111711318
1451	8	623.014221643
1451	9	892.453665187
1451	10	318.736935507
1452	1	266.139506884
1452	2	198.452687489
1452	3	267.474312623
1452	4	343.13850375
1452	5	525.652555143
1452	6	279.218842488
1452	7	320.68679451
1452	8	544.523645211
1452	9	700.934235397
1452	10	238.86996989
1453	1	293.993073988
1453	2	227.505725795
1453	3	306.8874526
1453	4	393.193797617
1453	5	565.345122682
1453	6	312.530777123
1453	7	355.081738698
1453	8	582.902908848
1453	9	839.030160644
1453	10	300.289861388
1454	2	73.6406113029
1454	3	143.033186141
1454	4	86.3514678526
1454	5	367.879380295
1454	6	127.959101514
1454	7	162.681778206
1454	8	352.038646705
1454	9	354.811509664
1454	10	38.3461726704
1455	1	59.74901325
1455	6	131.969288483
1455	9	232.445042501
1456	1	382.761290185
1456	2	272.253331644
1456	3	362.718438786
1456	4	520.959085759
1456	5	692.48230743
1456	6	330.389714221
1456	7	363.391074897
1456	8	681.242713731
1456	9	894.800260062
1456	10	392.968285993
1457	1	372.457204349
1457	2	307.170820929
1457	3	373.742078534
1457	4	582.39556644
1457	5	663.4490553
1457	6	363.337768812
1457	7	418.110175826
1457	8	721.087504329
1457	9	967.996323732
1457	10	370.292631856
1458	1	321.407332044
1458	2	261.537006014
1458	3	326.816225582
1458	4	459.033434276
1458	5	605.594384302
1458	6	331.745464939
1458	7	373.916490912
1458	8	626.784300041
1458	9	895.00629642
1458	10	317.899149255
1459	1	266.251448795
1459	2	198.583287354
1459	3	268.0685213
1459	4	343.341936165
1459	5	529.288080639
1459	6	279.987982471
1459	7	321.491574104
1459	8	548.293723608
1459	9	703.48686663
1459	10	238.032183638
1460	1	294.105015899
1460	2	227.63632566
1460	3	307.481661277
1460	4	393.397230032
1460	5	568.980648178
1460	6	313.299917106
1460	7	355.886518292
1460	8	586.672987246
1460	9	841.582791877
1460	10	299.452075136
1461	1	371.534397723
1461	2	263.95722318
1461	3	326.939068643
1461	4	436.416870477
1461	5	655.911349369
1461	6	309.299757189
1461	7	330.75014102
1461	8	724.943679784
1461	9	908.559647267
1461	10	340.354762854
1462	1	30.7
1462	2	32.5
1462	4	30.4285714286
1462	5	31.75
1462	6	11.2051282051
1462	9	27.1538461538
1462	10	32.7826086957
1463	6	11.2051282051
1464	1	30.7
1464	3	46.125
1464	4	30.4285714286
1464	6	11.2051282051
1464	7	33.8666666667
1464	9	27.1538461538
1464	10	32.7826086957
1465	1	321.519273955
1465	2	261.66760588
1465	3	327.410434259
1465	4	459.236866691
1465	5	609.229909798
1465	6	332.514604922
1465	7	374.721270506
1465	8	630.554378438
1465	9	897.558927653
1465	10	317.061363003
1466	1	266.363390706
1466	2	198.71388722
1466	3	268.662729977
1466	4	343.54536858
1466	5	532.923606135
1466	6	280.757122454
1466	7	322.296353699
1466	8	552.063802006
1466	9	706.039497863
1466	10	237.194397386
1467	1	294.21695781
1467	2	227.766925525
1467	3	308.075869954
1467	4	393.600662448
1467	5	572.616173674
1467	6	314.069057089
1467	7	356.691297887
1467	8	590.443065643
1467	9	844.13542311
1467	10	298.614288884
1468	1	81.0950566856
1468	2	73.9018110336
1468	3	144.221603495
1468	4	86.7583326831
1468	5	375.150431287
1468	6	129.49738148
1468	7	164.291337394
1468	8	359.5788035
1468	9	359.91677213
1468	10	40.0217451745
1469	1	382.985174008
1469	2	272.514531374
1469	3	363.90685614
1469	4	521.365950589
1469	5	699.753358422
1469	6	331.927994187
1469	7	365.000634086
1469	8	688.782870526
1469	9	899.905522528
1469	10	391.292713489
1470	1	372.681088171
1470	2	307.43202066
1470	3	374.930495888
1470	4	582.802431271
1470	5	670.720106292
1470	6	364.876048778
1470	7	419.719735015
1470	8	728.627661124
1470	9	973.101586198
1470	10	368.617059352
1471	1	321.631215867
1471	2	261.798205745
1471	3	328.004642936
1471	4	459.440299106
1471	5	612.865435294
1471	6	333.283744905
1471	7	375.526050101
1471	8	634.324456836
1471	9	900.111558885
1471	10	316.223576751
1472	1	266.475332618
1472	2	198.844487085
1472	3	269.256938654
1472	4	343.748800996
1472	5	536.55913163
1472	6	281.526262437
1472	7	323.101133293
1472	8	555.833880403
1472	9	708.592129096
1472	10	236.356611134
1473	1	294.328899721
1473	2	227.897525391
1473	3	308.670078631
1473	4	393.804094863
1473	5	576.25169917
1473	6	314.838197072
1473	7	357.496077481
1473	8	594.213144041
1473	9	846.688054343
1473	10	297.776502632
1474	1	81.2069985968
1474	2	74.0324108989
1474	3	144.815812172
1474	4	86.9617650983
1474	5	378.785956783
1474	6	130.266521463
1474	7	165.096116989
1474	8	363.348881898
1474	9	362.469403363
1474	10	40.8595314266
1475	3	149.983680146
1475	6	134.276708432
1475	9	240.102936199
1475	10	6.72384431684
1476	1	383.097115919
1476	2	272.64513124
1476	3	364.501064817
1476	4	521.569383005
1476	5	703.388883918
1476	6	332.69713417
1476	7	365.80541368
1476	8	692.552948924
1476	9	902.458153761
1476	10	390.454927237
1477	1	372.793030083
1477	2	307.562620525
1477	3	375.524704565
1477	4	583.005863686
1477	5	674.355631788
1477	6	365.645188761
1477	7	420.524514609
1477	8	732.397739522
1477	9	975.654217431
1477	10	367.7792731
1478	1	321.743157778
1478	2	261.92880561
1478	3	328.598851613
1478	4	459.643731522
1478	5	616.50096079
1478	6	334.052884888
1478	7	376.330829695
1478	8	638.094535233
1478	9	902.664190118
1478	10	315.385790499
1479	1	266.587274529
1479	2	198.97508695
1479	3	269.851147331
1479	4	343.952233411
1479	5	540.194657126
1479	6	282.295402419
1479	7	323.905912887
1479	8	559.603958801
1479	9	711.144760329
1479	10	235.518824882
1480	1	294.440841632
1480	2	228.028125256
1480	3	309.264287308
1480	4	394.007527278
1480	5	579.887224666
1480	6	315.607337055
1480	7	358.300857075
1480	8	597.983222438
1480	9	849.240685576
1480	10	296.93871638
1481	1	81.3189405079
1481	2	74.1630107643
1481	3	145.410020849
1481	4	87.1651975136
1481	5	382.421482279
1481	6	131.035661446
1481	7	165.900896583
1481	8	367.118960295
1481	9	365.022034596
1481	10	41.6973176787
1482	1	60.1967808946
1482	2	88.8394853098
1482	4	95.6369785137
1482	8	342.373229673
1482	9	242.655567432
1483	1	383.20905783
1483	2	272.775731105
1483	3	365.095273494
1483	4	521.77281542
1483	5	707.024409414
1483	6	333.466274153
1483	7	366.610193275
1483	8	696.323027321
1483	9	905.010784994
1483	10	389.617140984
1484	1	372.904971994
1484	2	307.69322039
1484	3	376.118913242
1484	4	583.209296102
1484	5	677.991157284
1484	6	366.414328744
1484	7	421.329294204
1484	8	736.167817919
1484	9	978.206848664
1484	10	366.941486848
1485	1	321.855099689
1485	2	262.059405476
1485	3	329.19306029
1485	4	459.847163937
1485	5	620.136486286
1485	6	334.822024871
1485	7	377.13560929
1485	8	641.864613631
1485	9	905.216821351
1485	10	314.548004247
1486	1	266.69921644
1486	2	199.105686816
1486	3	270.445356008
1486	4	344.155665826
1486	5	543.830182622
1486	6	283.064542402
1486	7	324.710692482
1486	8	563.374037198
1486	9	713.697391562
1486	10	234.68103863
1487	1	294.552783543
1487	2	228.158725121
1487	3	309.858495985
1487	4	394.210959693
1487	5	583.522750162
1487	6	316.376477038
1487	7	359.10563667
1487	8	601.753300836
1487	9	851.793316809
1487	10	296.100930128
1488	1	81.4308824191
1488	2	74.2936106297
1488	3	146.004229526
1488	4	87.3686299289
1488	5	386.057007775
1488	6	131.804801429
1488	7	166.705676178
1488	8	370.889038693
1488	9	367.574665828
1488	10	42.5351039308
1489	4	95.840410929
1489	6	135.814988398
1489	7	178.051746622
1489	9	245.208198665
1489	10	5.04827181268
1490	1	383.320999741
1490	2	272.90633097
1490	3	365.689482171
1490	4	521.976247835
1490	5	710.65993491
1490	6	334.235414136
1490	7	367.414972869
1490	8	700.093105719
1490	9	907.563416227
1490	10	388.779354732
1491	1	373.016913905
1491	2	307.823820256
1491	3	376.713121919
1491	4	583.412728517
1491	5	681.62668278
1491	6	367.183468727
1491	7	422.134073798
1491	8	739.937896317
1491	9	980.759479897
1491	10	366.103700596
1492	1	321.9670416
1492	2	262.190005341
1492	3	329.787268967
1492	4	460.050596352
1492	5	623.772011781
1492	6	335.591164854
1492	7	377.940388884
1492	8	645.634692028
1492	9	907.769452584
1492	10	313.710217995
1493	1	266.811158351
1493	2	199.236286681
1493	3	271.039564685
1493	4	344.359098241
1493	5	547.465708118
1493	6	283.833682385
1493	7	325.515472076
1493	8	567.144115596
1493	9	716.250022795
1493	10	233.843252378
1494	1	294.664725455
1494	2	228.289324987
1494	3	310.452704662
1494	4	394.414392109
1494	5	587.158275658
1494	6	317.145617021
1494	7	359.910416264
1494	8	605.523379233
1494	9	854.345948041
1494	10	295.263143876
1495	1	81.5428243302
1495	2	74.424210495
1495	3	146.598438203
1495	4	87.5720623441
1495	5	389.69253327
1495	6	132.573941412
1495	7	167.510455772
1495	8	374.65911709
1495	9	370.127297061
1495	10	43.3728901829
1496	4	96.0438433442
1496	9	247.760829898
1496	10	4.2104855606
1497	1	383.432941652
1497	2	273.036930836
1497	3	366.283690848
1497	4	522.17968025
1497	5	714.295460406
1497	6	335.004554119
1497	7	368.219752464
1497	8	703.863184116
1497	9	910.116047459
1497	10	387.94156848
1498	1	373.128855816
1498	2	307.954420121
1498	3	377.307330596
1498	4	583.616160932
1498	5	685.262208276
1498	6	367.95260871
1498	7	422.938853392
1498	8	743.707974714
1498	9	983.31211113
1498	10	365.265914344
1499	1	322.078983511
1499	2	262.320605206
1499	3	330.381477644
1499	4	460.254028767
1499	5	627.407537277
1499	6	336.360304837
1499	7	378.745168478
1499	8	649.404770426
1499	9	910.322083817
1499	10	312.872431743
1500	1	266.923100262
1500	2	199.366886546
1500	3	271.633773362
1500	4	344.562530657
1500	5	551.101233614
1500	6	284.602822368
1500	7	326.320251671
1500	8	570.914193993
1500	9	718.802654028
1500	10	233.005466126
1501	1	294.776667366
1501	2	228.419924852
1501	3	311.046913339
1501	4	394.617824524
1501	5	590.793801154
1501	6	317.914757004
1501	7	360.715195859
1501	8	609.293457631
1501	9	856.898579274
1501	10	294.425357624
1502	1	81.6547662414
1502	2	74.5548103604
1502	3	147.19264688
1502	4	87.7754947594
1502	5	393.328058766
1502	6	133.343081395
1502	7	168.315235366
1502	8	378.429195488
1502	9	372.679928294
1502	10	44.210676435
1503	2	89.2312849059
1503	4	96.2472757595
1503	6	137.353268364
1503	9	250.313461131
1504	1	383.544883563
1504	2	273.167530701
1504	3	366.877899525
1504	4	522.383112666
1504	5	717.930985902
1504	6	335.773694102
1504	7	369.024532058
1504	8	707.633262514
1504	9	912.668678692
1504	10	387.103782228
1505	1	373.240797727
1505	2	308.085019986
1505	3	377.901539273
1505	4	583.819593347
1505	5	688.897733772
1505	6	368.721748693
1505	7	423.743632987
1505	8	747.478053112
1505	9	985.864742362
1505	10	364.428128092
1506	1	322.190925422
1506	2	262.451205072
1506	3	330.975686321
1506	4	460.457461183
1506	5	631.043062773
1506	6	337.12944482
1506	7	379.549948073
1506	8	653.174848823
1506	9	912.87471505
1506	10	312.034645491
1507	1	267.035042173
1507	2	199.497486412
1507	3	272.227982039
1507	4	344.765963072
1507	5	554.73675911
1507	6	285.371962351
1507	7	327.125031265
1507	8	574.684272391
1507	9	721.35528526
1507	10	232.167679874
1508	1	294.888609277
1508	2	228.550524717
1508	3	311.641122016
1508	4	394.821256939
1508	5	594.42932665
1508	6	318.683896987
1508	7	361.519975453
1508	8	613.063536028
1508	9	859.451210507
1508	10	293.587571371
1509	1	81.7667081525
1509	3	147.786855557
1509	4	87.9789271746
1509	5	396.963584262
1509	6	134.112221378
1509	7	169.120014961
1509	8	382.199273885
1509	9	375.232559527
1509	10	45.048462687
1510	3	152.954723531
1510	4	96.4507081747
1510	6	138.122408347
1510	9	252.866092364
1510	10	2.53491305643
1511	1	383.656825475
1511	2	273.298130567
1511	3	367.472108202
1511	4	522.586545081
1511	5	721.566511398
1511	6	336.542834085
1511	7	369.829311652
1511	8	711.403340911
1511	9	915.221309925
1511	10	386.265995976
1512	1	373.352739638
1512	2	308.215619852
1512	3	378.49574795
1512	4	584.023025763
1512	5	692.533259268
1512	6	369.490888675
1512	7	424.548412581
1512	8	751.248131509
1512	9	988.417373595
1512	10	363.590341839
1513	1	322.302867334
1513	2	262.581804937
1513	3	331.569894998
1513	4	460.660893598
1513	5	634.678588269
1513	6	337.898584803
1513	7	380.354727667
1513	8	656.944927221
1513	9	915.427346283
1513	10	311.196859239
1514	1	267.146984084
1514	2	199.628086277
1514	3	272.822190716
1514	4	344.969395487
1514	5	558.372284606
1514	6	286.141102334
1514	7	327.929810859
1514	8	578.454350788
1514	9	723.907916493
1514	10	231.329893622
1515	1	295.000551188
1515	2	228.681124583
1515	3	312.235330693
1515	4	395.024689355
1515	5	598.064852146
1515	6	319.45303697
1515	7	362.324755047
1515	8	616.833614426
1515	9	862.00384174
1515	10	292.749785119
1516	2	74.8160100911
1516	3	148.381064234
1516	4	88.1823595899
1516	5	400.599109758
1516	6	134.881361361
1516	7	169.924794555
1516	8	385.969352283
1516	9	377.78519076
1516	10	45.8862489391
1517	1	60.7564904504
1517	2	89.4924846366
1517	3	153.548932208
1517	4	96.65414059
1517	9	255.418723597
1517	10	1.69712680435
1518	1	383.768767386
1518	2	273.428730432
1518	3	368.066316879
1518	4	522.789977496
1518	5	725.202036894
1518	6	337.311974068
1518	7	370.634091247
1518	8	715.173419308
1518	9	917.773941158
1518	10	385.428209724
1519	1	373.464681549
1519	2	308.346219717
1519	3	379.089956628
1519	4	584.226458178
1519	5	696.168784764
1519	6	370.260028658
1519	7	425.353192176
1519	8	755.018209907
1519	9	990.970004828
1519	10	362.752555587
1520	1	322.414809245
1520	2	262.712404802
1520	3	332.164103675
1520	4	460.864326013
1520	5	638.314113765
1520	6	338.667724786
1520	7	381.159507262
1520	8	660.715005618
1520	9	917.979977516
1520	10	310.359072986
1521	1	267.258925996
1521	2	199.758686142
1521	3	273.416399393
1521	4	345.172827903
1521	5	562.007810102
1521	6	286.910242317
1521	7	328.734590454
1521	8	582.224429186
1521	9	726.460547726
1521	10	230.49210737
1522	1	295.112493099
1522	2	228.811724448
1522	3	312.82953937
1522	4	395.22812177
1522	5	601.700377642
1522	6	320.222176953
1522	7	363.129534642
1522	8	620.603692823
1522	9	864.556472973
1522	10	291.911998867
1523	1	81.9905919748
1523	2	74.9466099565
1523	3	148.975272911
1523	4	88.3857920051
1523	5	404.234635254
1523	6	135.650501344
1523	7	170.72957415
1523	8	389.73943068
1523	9	380.337821993
1523	10	46.7240351912
1524	1	60.8684323615
1524	3	154.143140885
1524	6	139.660688313
1524	7	182.075644594
1524	9	257.971354829
1524	10	0.859340552272
1525	1	383.880709297
1525	2	273.559330297
1525	3	368.660525556
1525	4	522.993409912
1525	5	728.83756239
1525	6	338.081114051
1525	7	371.438870841
1525	8	718.943497706
1525	9	920.326572391
1525	10	384.590423472
1526	1	373.576623461
1526	2	308.476819583
1526	3	379.684165305
1526	4	584.429890593
1526	5	699.80431026
1526	6	371.029168641
1526	7	426.15797177
1526	8	758.788288304
1526	9	993.522636061
1526	10	361.914769335
1527	1	322.526751156
1527	2	262.843004668
1527	3	332.758312352
1527	4	461.067758428
1527	5	641.949639261
1527	6	339.436864769
1527	7	381.964286856
1527	8	664.485084016
1527	9	920.532608748
1527	10	309.521286734
1528	1	267.370867907
1528	2	199.889286008
1528	3	274.01060807
1528	4	345.376260318
1528	5	565.643335598
1528	6	287.6793823
1528	7	329.539370048
1528	8	585.994507583
1528	9	729.013178959
1528	10	229.654321117
1529	1	295.22443501
1529	2	228.942324314
1529	3	313.423748047
1529	4	395.431554185
1529	5	605.335903138
1529	6	320.991316936
1529	7	363.934314236
1529	8	624.373771221
1529	9	867.109104206
1529	10	291.074212615
1530	1	82.102533886
1530	2	75.0772098218
1530	3	149.569481588
1530	4	88.5892244204
1530	5	407.87016075
1530	6	136.419641327
1530	7	171.534353744
1530	8	393.509509078
1530	9	382.890453226
1530	10	47.5618214433
1531	4	97.0610054205
1531	6	140.429828296
1531	7	182.880424189
1532	1	383.992651208
1532	2	273.689930163
1532	3	369.254734233
1532	4	523.196842327
1532	5	732.473087886
1532	6	338.850254034
1532	7	372.243650436
1532	8	722.713576103
1532	9	922.879203624
1532	10	383.75263722
1533	1	373.688565372
1533	2	308.607419448
1533	3	380.278373982
1533	4	584.633323008
1533	5	703.439835756
1533	6	371.798308624
1533	7	426.962751364
1533	8	762.558366701
1533	9	996.075267294
1533	10	361.076983083
1534	1	322.638693067
1534	2	262.973604533
1534	3	333.35252103
1534	4	461.271190844
1534	5	645.585164757
1534	6	340.206004752
1534	7	382.76906645
1534	8	668.255162413
1534	9	923.085239981
1534	10	308.683500482
1535	1	267.482809818
1535	2	200.019885873
1535	3	274.604816747
1535	4	345.579692733
1535	5	569.278861094
1535	6	288.448522283
1535	7	330.344149643
1535	8	589.764585981
1535	9	731.565810192
1535	10	228.816534865
1536	1	295.336376921
1536	2	229.072924179
1536	3	314.017956724
1536	4	395.6349866
1536	5	608.971428634
1536	6	321.760456919
1536	7	364.739093831
1536	8	628.143849618
1536	9	869.661735439
1536	10	290.236426363
1537	1	82.2144757971
1537	2	75.2078096872
1537	3	150.163690265
1537	4	88.7926568357
1537	5	411.505686246
1537	6	137.18878131
1537	7	172.339133338
1537	8	397.279587475
1537	9	385.443084458
1537	10	48.3996076954
1538	4	97.2644378358
1538	6	141.198968279
1538	7	183.685203783
1538	9	263.076617295
1539	1	384.104593119
1539	2	273.820530028
1539	3	369.84894291
1539	4	523.400274742
1539	5	736.108613382
1539	6	339.619394017
1539	7	373.04843003
1539	8	726.483654501
1539	9	925.431834857
1539	10	382.914850968
1540	1	373.800507283
1540	2	308.738019313
1540	3	380.872582659
1540	4	584.836755424
1540	5	707.075361252
1540	6	372.567448607
1540	7	427.767530959
1540	8	766.328445099
1540	9	998.627898527
1540	10	360.239196831
1541	1	322.750634978
1541	2	263.104204399
1541	3	333.946729707
1541	4	461.474623259
1541	5	649.220690253
1541	6	340.975144735
1541	7	383.573846045
1541	8	672.02524081
1541	9	925.637871214
1541	10	307.84571423
1542	1	267.594751729
1542	2	200.150485738
1542	3	275.199025424
1542	4	345.783125148
1542	5	572.91438659
1542	6	289.217662266
1542	7	331.148929237
1542	8	593.534664378
1542	9	734.118441425
1542	10	227.978748613
1543	1	295.448318833
1543	2	229.203524044
1543	3	314.612165401
1543	4	395.838419016
1543	5	612.60695413
1543	6	322.529596902
1543	7	365.543873425
1543	8	631.913928016
1543	9	872.214366672
1543	10	289.398640111
1544	1	82.3264177083
1544	2	75.3384095526
1544	3	150.757898942
1544	4	88.9960892509
1544	5	415.141211742
1544	6	137.957921293
1544	7	173.143912933
1544	8	401.049665873
1544	9	387.995715691
1544	10	49.2373939474
1545	1	384.21653503
1545	2	273.951129893
1545	3	370.443151587
1545	4	523.603707157
1545	5	739.744138878
1545	6	340.388534
1545	7	373.853209624
1545	8	730.253732898
1545	9	927.984466089
1545	10	382.077064716
1546	1	373.912449194
1546	2	308.868619179
1546	3	381.466791336
1546	4	585.040187839
1546	5	710.710886748
1546	6	373.33658859
1546	7	428.572310553
1546	8	770.098523496
1546	9	1001.18052976
1546	10	359.401410579
1547	1	322.862576889
1547	2	263.234804264
1547	3	334.540938384
1547	4	461.678055674
1547	5	652.856215749
1547	6	341.744284718
1547	7	384.378625639
1547	8	675.795319208
1547	9	928.190502447
1547	10	307.007927978
1548	1	267.70669364
1548	2	200.281085604
1548	3	275.793234101
1548	4	345.986557564
1548	5	576.549912086
1548	6	289.986802249
1548	7	331.953708831
1548	8	597.304742776
1548	9	736.671072658
1548	10	227.140962361
1549	1	295.560260744
1549	2	229.33412391
1549	3	315.206374078
1549	4	396.041851431
1549	5	616.242479626
1549	6	323.298736885
1549	7	366.348653019
1549	8	635.684006413
1549	9	874.766997904
1549	10	288.560853859
1550	1	82.4383596194
1550	2	75.4690094179
1550	3	151.352107619
1550	4	89.1995216662
1550	5	418.776737238
1550	6	138.727061276
1550	7	173.948692527
1550	8	404.81974427
1550	9	390.548346924
1550	10	50.0751801995
1551	1	61.3162000061
1551	2	90.1454839634
1551	4	97.6713026663
1551	6	142.737248245
1552	1	384.328476941
1552	2	274.081729759
1552	3	371.037360264
1552	4	523.807139573
1552	5	743.379664374
1552	6	341.157673983
1552	7	374.657989219
1552	8	734.023811296
1552	9	930.537097322
1552	10	381.239278464
1553	1	374.024391105
1553	2	308.999219044
1553	3	382.061000013
1553	4	585.243620254
1553	5	714.346412244
1553	6	374.105728573
1553	7	429.377090148
1553	8	773.868601894
1553	9	1003.73316099
1553	10	358.563624327
1554	1	322.9745188
1554	2	263.365404129
1554	3	335.135147061
1554	4	461.881488089
1554	5	656.491741245
1554	6	342.513424701
1554	7	385.183405234
1554	8	679.565397605
1554	9	930.74313368
1554	10	306.170141726
1555	1	267.818635551
1555	2	200.411685469
1555	3	276.387442778
1555	4	346.189989979
1555	5	580.185437582
1555	6	290.755942232
1555	7	332.758488426
1555	8	601.074821173
1555	9	739.22370389
1555	10	226.303176109
1556	1	295.672202655
1556	2	229.464723775
1556	3	315.800582755
1556	4	396.245283846
1556	5	619.878005121
1556	6	324.067876868
1556	7	367.153432614
1556	8	639.454084811
1556	9	877.319629137
1556	10	287.723067607
1557	4	97.8747350815
1557	6	143.506388227
1557	9	270.734510994
1557	10	3.32959070813
1558	1	384.440418853
1558	2	274.212329624
1558	3	371.631568941
1558	4	524.010571988
1558	5	747.015189869
1558	6	341.926813966
1558	7	375.462768813
1558	8	737.793889693
1558	9	933.089728555
1558	10	380.401492212
1559	1	374.136333016
1559	2	309.129818909
1559	3	382.65520869
1559	4	585.447052669
1559	5	717.98193774
1559	6	374.874868556
1559	7	430.181869742
1559	8	777.638680291
1559	9	1006.28579223
1559	10	357.725838075
1560	1	323.086460712
1560	2	263.496003995
1560	3	335.729355738
1560	4	462.084920505
1560	5	660.127266741
1560	6	343.282564684
1560	7	385.988184828
1560	8	683.335476003
1560	9	933.295764913
1560	10	305.332355474
1561	1	267.930577463
1561	2	200.542285335
1561	3	276.981651456
1561	4	346.393422394
1561	5	583.820963078
1561	6	291.525082215
1561	7	333.56326802
1561	8	604.844899571
1561	9	741.776335123
1561	10	225.465389857
1562	1	295.784144566
1562	2	229.59532364
1562	3	316.394791432
1562	4	396.448716261
1562	5	623.513530617
1562	6	324.837016851
1562	7	367.958212208
1562	8	643.224163208
1562	9	879.87226037
1562	10	286.885281355
1563	1	82.6622434417
1563	2	75.7302091486
1563	3	152.540524973
1563	4	89.6063864967
1563	5	426.04778823
1563	6	140.265341242
1563	7	175.558251716
1563	8	412.359901065
1563	9	395.65360939
1563	10	51.7507527037
1564	1	61.5400838284
1564	8	387.614170443
1564	10	4.16737696022
1565	1	384.552360764
1565	2	274.342929489
1565	3	372.225777618
1565	4	524.214004403
1565	5	750.650715365
1565	6	342.695953949
1565	7	376.267548408
1565	8	741.563968091
1565	9	935.642359788
1565	10	379.563705959
1566	1	374.248274928
1566	2	309.260418775
1566	3	383.249417367
1566	4	585.650485085
1566	5	721.617463236
1566	6	375.644008539
1566	7	430.986649336
1566	8	781.408758689
1566	9	1008.83842346
1566	10	356.888051823
1567	1	323.198402623
1567	2	263.62660386
1567	3	336.323564415
1567	4	462.28835292
1567	5	663.762792237
1567	6	344.051704667
1567	7	386.792964422
1567	8	687.1055544
1567	9	935.848396146
1567	10	304.494569222
1568	1	268.042519374
1568	2	200.6728852
1568	3	277.575860133
1568	4	346.596854809
1568	5	587.456488574
1568	6	292.294222198
1568	7	334.368047615
1568	8	608.614977968
1568	9	744.328966356
1568	10	224.627603605
1569	1	295.896086477
1569	2	229.725923506
1569	3	316.989000109
1569	4	396.652148677
1569	5	627.149056113
1569	6	325.606156834
1569	7	368.762991803
1569	8	646.994241606
1569	9	882.424891603
1569	10	286.047495103
1570	1	82.7741853529
1570	2	75.860809014
1570	3	153.13473365
1570	4	89.8098189119
1570	5	429.683313726
1570	6	141.034481225
1570	7	176.36303131
1570	8	416.129979463
1570	9	398.206240623
1570	10	52.5885389558
1571	1	61.6520257396
1571	2	90.5372835595
1571	5	400.579176025
1571	6	145.044668193
1571	7	187.709101755
1571	9	275.839773459
1571	10	5.0051632123
1572	1	384.664302675
1572	2	274.473529355
1572	3	372.819986295
1572	4	524.417436818
1572	5	754.286240861
1572	6	343.465093932
1572	7	377.072328002
1572	8	745.334046488
1572	9	938.194991021
1572	10	378.725919707
1573	1	374.360216839
1573	2	309.39101864
1573	3	383.843626044
1573	4	585.8539175
1573	5	725.252988731
1573	6	376.413148522
1573	7	431.791428931
1573	8	785.178837086
1573	9	1011.39105469
1573	10	356.050265571
1574	1	323.310344534
1574	2	263.757203725
1574	3	336.917773092
1574	4	462.491785335
1574	5	667.398317733
1574	6	344.82084465
1574	7	387.597744017
1574	8	690.875632798
1574	9	938.401027378
1574	10	303.65678297
1575	1	268.154461285
1575	2	200.803485065
1575	3	278.17006881
1575	4	346.800287225
1575	5	591.09201407
1575	6	293.063362181
1575	7	335.172827209
1575	8	612.385056366
1575	9	746.881597589
1575	10	223.789817353
1576	1	296.008028388
1576	2	229.856523371
1576	3	317.583208786
1576	4	396.855581092
1576	5	630.784581609
1576	6	326.375296816
1576	7	369.567771397
1576	8	650.764320003
1576	9	884.977522836
1576	10	285.209708851
1577	1	82.886127264
1577	2	75.9914088794
1577	3	153.728942327
1577	4	90.0132513272
1577	5	433.318839222
1577	6	141.803621208
1577	7	177.167810905
1577	8	419.90005786
1577	9	400.758871856
1577	10	53.4263252078
1578	1	384.776244586
1578	2	274.60412922
1578	3	373.414194972
1578	4	524.620869234
1578	5	757.921766357
1578	6	344.234233915
1578	7	377.877107596
1578	8	749.104124886
1578	9	940.747622254
1578	10	377.888133455
1579	1	374.47215875
1579	2	309.521618505
1579	3	384.437834721
1579	4	586.057349915
1579	5	728.888514227
1579	6	377.182288505
1579	7	432.596208525
1579	8	788.948915484
1579	9	1013.94368592
1579	10	355.212479319
1580	1	323.422286445
1580	2	263.887803591
1580	3	337.511981769
1580	4	462.69521775
1580	5	671.033843229
1580	6	345.589984633
1580	7	388.402523611
1580	8	694.645711195
1580	9	940.953658611
1580	10	302.818996718
1581	1	268.266403196
1581	2	200.934084931
1581	3	278.764277487
1581	4	347.00371964
1581	5	594.727539566
1581	6	293.832502164
1581	7	335.977606803
1581	8	616.155134763
1581	9	749.434228822
1581	10	222.952031101
1582	1	296.1199703
1582	2	229.987123236
1582	3	318.177417463
1582	4	397.059013507
1582	5	634.420107105
1582	6	327.144436799
1582	7	370.372550991
1582	8	654.534398401
1582	9	887.530154069
1582	10	284.371922599
1583	1	373.549352124
1583	2	266.308020757
1583	3	337.634824829
1583	4	440.078653952
1583	5	721.350808296
1583	6	323.144276882
1583	7	345.236173719
1583	8	792.805090939
1583	9	954.507009459
1583	10	325.274610317
1584	2	32.5
1584	6	11.2051282051
1584	7	33.8666666667
1584	9	27.1538461538
1584	10	32.7826086957
1585	2	32.5
1585	8	36.2857142857
1585	9	27.1538461538
1586	2	32.5
1586	3	46.125
1586	4	30.4285714286
1586	6	11.2051282051
1586	7	33.8666666667
1586	8	36.2857142857
1587	1	30.7
1587	2	32.5
1587	4	30.4285714286
1587	6	11.2051282051
1587	8	36.2857142857
1587	9	27.1538461538
1587	10	32.7826086957
1588	1	30.7
1588	2	32.5
1588	3	46.125
1588	4	30.4285714286
1588	6	11.2051282051
1588	7	33.8666666667
1588	8	36.2857142857
1588	9	27.1538461538
1588	10	32.7826086957
1589	1	30.7
1589	3	46.125
1589	4	30.4285714286
1589	6	11.2051282051
1589	7	33.8666666667
1589	8	36.2857142857
1589	9	27.1538461538
1589	10	32.7826086957
1590	1	782.013084818
1590	2	614.299829637
1590	3	738.418301962
1590	4	994.311780318
1590	5	1353.94787973
1590	6	582.054308636
1590	7	373.250106298
1590	8	1440.76037766
1590	9	1333.14226941
1590	10	1310.82360507
1591	1	516.047482499
1591	2	477.353194108
1591	3	583.482299135
1591	4	752.091365002
1591	5	941.176916656
1591	6	449.965989335
1591	7	512.66569397
1591	8	981.997343418
1591	9	1212.74540159
1591	10	531.63141997
1592	1	323.646170267
1592	2	264.149003321
1592	3	338.700399123
1592	4	463.102082581
1592	5	678.304894221
1592	6	347.128264599
1592	7	390.0120828
1592	8	702.18586799
1592	9	946.058921077
1592	10	301.143424214
1593	1	268.490287018
1593	2	201.195284661
1593	3	279.952694841
1593	4	347.41058447
1593	5	601.998590557
1593	6	295.37078213
1593	7	337.587165992
1593	8	623.695291558
1593	9	754.539491288
1593	10	221.276458597
1594	1	296.343854122
1594	2	230.248322967
1594	3	319.365834817
1594	4	397.465878338
1594	5	641.691158097
1594	6	328.682716765
1594	7	371.98211018
1594	8	662.074555195
1594	9	892.635416534
1594	10	282.696350094
1595	1	83.2219529975
1595	2	76.3832084755
1595	3	155.511568358
1595	4	90.623548573
1595	5	444.22541571
1595	6	144.111041157
1595	7	179.582149688
1595	8	431.210293053
1595	9	408.416765554
1595	10	55.9396839641
1596	1	62.0997933842
1596	4	99.0953295731
1596	5	415.121278009
1596	6	148.121228125
1596	7	190.928220133
1596	9	286.050298391
1596	10	8.35630822062
1597	1	385.11207032
1597	2	274.995928816
1597	3	375.196821003
1597	4	525.231166479
1597	5	768.828342845
1597	6	346.541653864
1597	7	380.29144638
1597	8	760.414360078
1597	9	948.405515952
1597	10	375.374774699
1598	1	374.807984483
1598	2	309.913418102
1598	3	386.220460752
1598	4	586.667647161
1598	5	739.795090715
1598	6	379.489708454
1598	7	435.010547308
1598	8	800.259150676
1598	9	1021.60157962
1598	10	352.699120562
1599	1	323.758112179
1599	2	264.279603187
1599	3	339.2946078
1599	4	463.305514996
1599	5	681.940419717
1599	6	347.897404582
1599	7	390.816862394
1599	8	705.955946388
1599	9	948.61155231
1599	10	300.305637961
1600	1	268.602228929
1600	2	201.325884527
1600	3	280.546903518
1600	4	347.614016886
1600	5	605.634116053
1600	6	296.139922113
1600	7	338.391945587
1600	8	627.465369956
1600	9	757.092122521
1600	10	220.438672345
1601	1	296.455796033
1601	2	230.378922833
1601	3	319.960043494
1601	4	397.669310753
1601	5	645.326683593
1601	6	329.451856748
1601	7	372.786889775
1601	8	665.844633593
1601	9	895.188047767
1601	10	281.858563842
1602	1	83.3338949087
1602	2	76.5138083408
1602	3	156.105777035
1602	4	90.8269809882
1602	5	447.860941206
1602	6	144.88018114
1602	7	180.386929282
1602	8	434.98037145
1602	9	410.969396787
1602	10	56.7774702162
1603	1	62.2117352953
1603	2	91.1902828863
1603	3	161.273645009
1603	4	99.2987619883
1603	6	148.890368108
1603	7	191.732999727
1603	8	410.234640828
1603	9	288.602929624
1603	10	9.1940944727
1604	1	385.224012231
1604	2	275.126528682
1604	3	375.79102968
1604	4	525.434598895
1604	5	772.463868341
1604	6	347.310793847
1604	7	381.096225974
1604	8	764.184438476
1604	9	950.958147185
1604	10	374.536988447
1605	1	374.919926394
1605	2	310.044017967
1605	3	386.814669429
1605	4	586.871079576
1605	5	743.430616211
1605	6	380.258848437
1605	7	435.815326903
1605	8	804.029229074
1605	9	1024.15421086
1605	10	351.86133431
1606	1	323.87005409
1606	2	264.410203052
1606	3	339.888816477
1606	4	463.508947411
1606	5	685.575945212
1606	6	348.666544565
1606	7	391.621641989
1606	8	709.726024785
1606	9	951.164183543
1606	10	299.467851709
1607	1	268.714170841
1607	2	201.456484392
1607	3	281.141112195
1607	4	347.817449301
1607	5	609.269641549
1607	6	296.909062096
1607	7	339.196725181
1607	8	631.235448353
1607	9	759.644753753
1607	10	219.600886092
1608	1	296.567737944
1608	2	230.509522698
1608	3	320.554252171
1608	4	397.872743168
1608	5	648.962209089
1608	6	330.220996731
1608	7	373.591669369
1608	8	669.61471199
1608	9	897.740679
1608	10	281.02077759
1609	1	83.4458368198
1609	2	76.6444082062
1609	3	156.699985712
1609	4	91.0304134035
1609	5	451.496466701
1609	6	145.649321122
1609	7	181.191708877
1609	8	438.750449848
1609	9	413.52202802
1609	10	57.6152564683
1610	1	62.3236772065
1610	4	99.5021944036
1610	6	149.659508091
1610	7	192.537779321
1610	9	291.155560857
1610	10	10.0318807248
1611	1	385.335954142
1611	2	275.257128547
1611	3	376.385238357
1611	4	525.63803131
1611	5	776.099393837
1611	6	348.079933829
1611	7	381.901005568
1611	8	767.954516873
1611	9	953.510778418
1611	10	373.699202195
1612	1	375.031868306
1612	2	310.174617832
1612	3	387.408878106
1612	4	587.074511991
1612	5	747.066141707
1612	6	381.02798842
1612	7	436.620106497
1612	8	807.799307471
1612	9	1026.70684209
1612	10	351.023548058
1613	1	323.981996001
1613	2	264.540802918
1613	3	340.483025154
1613	4	463.712379827
1613	5	689.211470708
1613	6	349.435684548
1613	7	392.426421583
1613	8	713.496103183
1613	9	953.716814776
1613	10	298.630065457
1614	1	268.826112752
1614	2	201.587084257
1614	3	281.735320872
1614	4	348.020881716
1614	5	612.905167045
1614	6	297.678202079
1614	7	340.001504775
1614	8	635.005526751
1614	9	762.197384986
1614	10	218.76309984
1615	1	296.679679855
1615	2	230.640122563
1615	3	321.148460848
1615	4	398.076175583
1615	5	652.597734585
1615	6	330.990136714
1615	7	374.396448963
1615	8	673.384790388
1615	9	900.293310233
1615	10	280.182991338
1616	1	83.557778731
1616	2	76.7750080715
1616	3	157.294194389
1616	4	91.2338458187
1616	5	455.131992197
1616	6	146.418461105
1616	7	181.996488471
1616	8	442.520528245
1616	9	416.074659253
1616	10	58.4530427203
1617	1	62.4356191177
1617	4	99.7056268188
1617	5	426.027854497
1617	7	193.342558916
1617	9	293.70819209
1617	10	10.8696669769
1618	1	385.447896053
1618	2	275.387728412
1618	3	376.979447034
1618	4	525.841463725
1618	5	779.734919333
1618	6	348.849073812
1618	7	382.705785163
1618	8	771.724595271
1618	9	956.063409651
1618	10	372.861415943
1619	1	375.143810217
1619	2	310.305217698
1619	3	388.003086783
1619	4	587.277944407
1619	5	750.701667203
1619	6	381.797128403
1619	7	437.424886092
1619	8	811.569385869
1619	9	1029.25947332
1619	10	350.185761806
1620	1	324.093937912
1620	2	264.671402783
1620	3	341.077233831
1620	4	463.915812242
1620	5	692.846996204
1620	6	350.204824531
1620	7	393.231201178
1620	8	717.26618158
1620	9	956.269446009
1620	10	297.792279205
1621	1	268.938054663
1621	2	201.717684123
1621	3	282.329529549
1621	4	348.224314131
1621	5	616.540692541
1621	6	298.447342062
1621	7	340.80628437
1621	8	638.775605148
1621	9	764.750016219
1621	10	217.925313588
1622	1	296.791621766
1622	2	230.770722429
1622	3	321.742669525
1622	4	398.279607999
1622	5	656.233260081
1622	6	331.759276697
1622	7	375.201228558
1622	8	677.154868785
1622	9	902.845941466
1622	10	279.345205086
1623	1	83.6697206421
1623	2	76.9056079369
1623	3	157.888403067
1623	4	91.437278234
1623	5	458.767517693
1623	6	147.187601088
1623	7	182.801268066
1623	8	446.290606643
1623	9	418.627290486
1623	10	59.2908289724
1624	1	62.5475610288
1624	4	99.9090592341
1624	9	296.260823322
1624	10	11.7074532289
1625	1	385.559837964
1625	2	275.518328278
1625	3	377.573655711
1625	4	526.04489614
1625	5	783.370444829
1625	6	349.618213795
1625	7	383.510564757
1625	8	775.494673668
1625	9	958.616040884
1625	10	372.023629691
1626	1	375.255752128
1626	2	310.435817563
1626	3	388.59729546
1626	4	587.481376822
1626	5	754.337192699
1626	6	382.566268386
1626	7	438.229665686
1626	8	815.339464266
1626	9	1031.81210455
1626	10	349.347975554
1627	1	324.205879823
1627	2	264.802002648
1627	3	341.671442508
1627	4	464.119244657
1627	5	696.4825217
1627	6	350.973964513
1627	7	394.035980772
1627	8	721.036259978
1627	9	958.822077241
1627	10	296.954492953
1628	1	269.049996574
1628	2	201.848283988
1628	3	282.923738226
1628	4	348.427746547
1628	5	620.176218037
1628	6	299.216482045
1628	7	341.611063964
1628	8	642.545683546
1628	9	767.302647452
1628	10	217.087527336
1629	1	296.903563678
1629	2	230.901322294
1629	3	322.336878202
1629	4	398.483040414
1629	5	659.868785577
1629	6	332.52841668
1629	7	376.006008152
1629	8	680.924947183
1629	9	905.398572699
1629	10	278.507418834
1630	1	83.7816625533
1630	2	77.0362078023
1630	4	91.6407106493
1630	5	462.403043189
1630	6	147.956741071
1630	7	183.60604766
1630	8	450.06068504
1630	9	421.179921719
1630	10	60.1286152245
1631	9	298.813454555
1632	1	385.671779875
1632	2	275.648928143
1632	3	378.167864388
1632	4	526.248328556
1632	5	787.005970325
1632	6	350.387353778
1632	7	384.315344352
1632	8	779.264752066
1632	9	961.168672117
1632	10	371.185843439
1633	1	375.367694039
1633	2	310.566417428
1633	3	389.191504137
1633	4	587.684809237
1633	5	757.972718195
1633	6	383.335408369
1633	7	439.03444528
1633	8	819.109542664
1633	9	1034.36473579
1633	10	348.510189302
1634	1	324.317821734
1634	2	264.932602514
1634	3	342.265651185
1634	4	464.322677072
1634	5	700.118047196
1634	6	351.743104496
1634	7	394.840760366
1634	8	724.806338375
1634	9	961.374708474
1634	10	296.116706701
1635	1	269.161938485
1635	2	201.978883854
1635	3	283.517946903
1635	4	348.631178962
1635	5	623.811743533
1635	6	299.985622028
1635	7	342.415843559
1635	8	646.315761943
1635	9	769.855278685
1635	10	216.249741084
1636	1	297.015505589
1636	2	231.031922159
1636	3	322.931086879
1636	4	398.686472829
1636	5	663.504311073
1636	6	333.297556663
1636	7	376.810787747
1636	8	684.69502558
1636	9	907.951203932
1636	10	277.669632582
1637	1	83.8936044644
1637	2	77.1668076676
1637	3	159.076820421
1637	4	91.8441430645
1637	5	466.038568685
1637	6	148.725881054
1637	7	184.410827254
1637	8	453.830763438
1637	9	423.732552951
1637	10	60.9664014766
1638	1	62.7714448511
1638	2	91.8432822131
1638	3	164.244688394
1638	6	152.736068023
1638	9	301.366085788
1639	1	385.783721786
1639	2	275.779528008
1639	3	378.762073066
1639	4	526.451760971
1639	5	790.641495821
1639	6	351.156493761
1639	7	385.120123946
1639	8	783.034830463
1639	9	963.72130335
1639	10	370.348057187
1640	1	375.47963595
1640	2	310.697017294
1640	3	389.785712814
1640	4	587.888241652
1640	5	761.608243691
1640	6	384.104548352
1640	7	439.839224875
1640	8	822.879621061
1640	9	1036.91736702
1640	10	347.67240305
